|6.6.6
inf_a/gloss/build/PT_inf_gloss46_1.tab                                                              
           1
n,alqt. 
   2.1219957929415349E-314
   2.1219957929415349E-314
  1379944736
           3
n,alqt.        node#          mu[O2],J/mol  
  0.00000        1.00000       -358012.     
 0.100000        2.00000       -358643.     
 0.200000        3.00000       -358643.     
 0.300000        4.00000       -358643.     
 0.400000        5.00000       -358466.     
 0.500000        6.00000       -358466.     
 0.600000        7.00000       -358466.     
 0.700000        8.00000       -358466.     
 0.800000        9.00000       -358466.     
 0.900000        10.0000       -358466.     
  1.00000        11.0000       -358466.     
  1.10000        12.0000       -358466.     
  1.20000        13.0000       -358466.     
  1.30000        14.0000       -357858.     
  1.40000        15.0000       -358466.     
  1.50000        16.0000       -358466.     
  1.60000        17.0000       -358466.     
  1.70000        18.0000       -358466.     
  1.80000        19.0000       -358466.     
  1.90000        20.0000       -358466.     
  2.00000        21.0000       -358466.     
  2.10000        22.0000       -358466.     
  2.20000        23.0000       -358466.     
  2.30000        24.0000       -358466.     
  2.40000        25.0000       -358466.     
  2.50000        26.0000       -358466.     
  2.60000        27.0000       -358466.     
  2.70000        28.0000       -358466.     
  2.80000        29.0000       -358466.     
  2.90000        30.0000       -358466.     
  3.00000        31.0000       -358466.     
  3.10000        32.0000       -358466.     
  3.20000        33.0000       -358466.     
  3.30000        34.0000       -358466.     
  3.40000        35.0000       -358466.     
  3.50000        36.0000       -358466.     
  3.60000        37.0000       -358466.     
  3.70000        38.0000       -358466.     
  3.80000        39.0000       -358466.     
  3.90000        40.0000       -358466.     
  4.00000        41.0000       -358466.     
  4.10000        42.0000       -358466.     
  4.20000        43.0000       -358466.     
  4.30000        44.0000       -358466.     
  4.40000        45.0000       -358466.     
  4.50000        46.0000       -358466.     
  4.60000        47.0000       -358466.     
  4.70000        48.0000       -358466.     
  4.80000        49.0000       -358466.     
  4.90000        50.0000       -358466.     
  5.00000        51.0000       -358466.     
  5.10000        52.0000       -358466.     
  5.20000        53.0000       -358466.     
  5.30000        54.0000       -358466.     
  5.40000        55.0000       -358466.     
  5.50000        56.0000       -358466.     
  5.60000        57.0000       -358466.     
  5.70000        58.0000       -358466.     
  5.80000        59.0000       -357971.     
  5.90000        60.0000       -357971.     
  6.00000        61.0000       -357971.     
  6.10000        62.0000       -357971.     
  6.20000        63.0000       -357971.     
  6.30000        64.0000       -357971.     
  6.40000        65.0000       -357971.     
  6.50000        66.0000       -357971.     
  6.60000        67.0000       -357971.     
  6.70000        68.0000       -357971.     
  6.80000        69.0000       -357971.     
  6.90000        70.0000       -357971.     
  7.00000        71.0000       -357971.     
  7.10000        72.0000       -357971.     
  7.20000        73.0000       -357971.     
  7.30000        74.0000       -357971.     
  7.40000        75.0000       -357971.     
  7.50000        76.0000       -357971.     
  7.60000        77.0000       -357971.     
  7.70000        78.0000       -357971.     
  7.80000        79.0000       -357971.     
  7.90000        80.0000       -357971.     
  8.00000        81.0000       -357971.     
  8.10000        82.0000       -357971.     
  8.20000        83.0000       -357971.     
  8.30000        84.0000       -357971.     
  8.40000        85.0000       -357971.     
  8.50000        86.0000       -357971.     
  8.60000        87.0000       -357971.     
  8.70000        88.0000       -357971.     
  8.80000        89.0000       -357971.     
  8.90000        90.0000       -357971.     
  9.00000        91.0000       -357971.     
  9.10000        92.0000       -357971.     
  9.20000        93.0000       -357971.     
  9.30000        94.0000       -357971.     
  9.40000        95.0000       -357971.     
  9.50000        96.0000       -357971.     
  9.60000        97.0000       -357971.     
  9.70000        98.0000       -357971.     
  9.80000        99.0000       -357971.     
  9.90000        100.000       -357971.     
  10.0000        101.000       -357971.     
  10.1000        102.000       -357971.     
  10.2000        103.000       -357971.     
  10.3000        104.000       -357971.     
  10.4000        105.000       -357971.     
  10.5000        106.000       -357971.     
  10.6000        107.000       -357971.     
  10.7000        108.000       -357971.     
  10.8000        109.000       -357971.     
  10.9000        110.000       -357971.     
  11.0000        111.000       -357971.     
  11.1000        112.000       -357971.     
  11.2000        113.000       -357971.     
  11.3000        114.000       -357971.     
  11.4000        115.000       -357971.     
  11.5000        116.000       -357971.     
  11.6000        117.000       -357971.     
  11.7000        118.000       -357971.     
  11.8000        119.000       -357971.     
  11.9000        120.000       -357971.     
  12.0000        121.000       -357971.     
  12.1000        122.000       -357971.     
  12.2000        123.000       -357971.     
  12.3000        124.000       -357971.     
  12.4000        125.000       -357971.     
  12.5000        126.000       -357971.     
  12.6000        127.000       -357971.     
  12.7000        128.000       -357971.     
  12.8000        129.000       -357971.     
  12.9000        130.000       -357971.     
  13.0000        131.000       -357971.     
  13.1000        132.000       -357971.     
  13.2000        133.000       -357971.     
  13.3000        134.000       -357971.     
  13.4000        135.000       -357971.     
  13.5000        136.000       -357971.     
  13.6000        137.000       -357971.     
  13.7000        138.000       -357971.     
  13.8000        139.000       -357971.     
  13.9000        140.000       -357971.     
  14.0000        141.000       -357971.     
  14.1000        142.000       -357971.     
  14.2000        143.000       -357971.     
  14.3000        144.000       -357971.     
  14.4000        145.000       -357971.     
  14.5000        146.000       -357971.     
  14.6000        147.000       -357637.     
  14.7000        148.000       -357637.     
  14.8000        149.000       -357637.     
  14.9000        150.000       -357637.     
  15.0000        151.000       -359015.     
  15.1000        152.000       -359015.     
  15.2000        153.000       -359116.     
  15.3000        154.000       -359116.     
  15.4000        155.000       -359116.     
  15.5000        156.000       -359116.     
  15.6000        157.000       -359116.     
  15.7000        158.000       -359116.     
  15.8000        159.000       -359116.     
  15.9000        160.000       -359116.     
  16.0000        161.000       -359116.     
  16.1000        162.000       -359116.     
  16.2000        163.000       -359116.     
  16.3000        164.000       -359277.     
  16.4000        165.000       -359277.     
  16.5000        166.000       -359277.     
  16.6000        167.000       -359277.     
  16.7000        168.000       -359277.     
  16.8000        169.000       -359277.     
  16.9000        170.000       -359277.     
  17.0000        171.000       -359277.     
  17.1000        172.000       -359277.     
  17.2000        173.000       -359277.     
  17.3000        174.000       -359277.     
  17.4000        175.000       -359277.     
  17.5000        176.000       -359277.     
  17.6000        177.000       -359277.     
  17.7000        178.000       -359277.     
  17.8000        179.000       -359277.     
  17.9000        180.000       -359277.     
  18.0000        181.000       -359277.     
  18.1000        182.000       -359277.     
  18.2000        183.000       -359277.     
  18.3000        184.000       -359277.     
  18.4000        185.000       -359277.     
  18.5000        186.000       -359277.     
  18.6000        187.000       -359277.     
  18.7000        188.000       -359277.     
  18.8000        189.000       -359277.     
  18.9000        190.000       -359277.     
  19.0000        191.000       -359277.     
  19.1000        192.000       -359277.     
  19.2000        193.000       -359277.     
  19.3000        194.000       -359277.     
  19.4000        195.000       -359277.     
  19.5000        196.000       -359277.     
  19.6000        197.000       -359277.     
  19.7000        198.000       -359277.     
  19.8000        199.000       -359277.     
  19.9000        200.000       -359277.     
  20.0000        201.000       -360063.     
  20.1000        202.000       -359277.     
  20.2000        203.000       -357884.     
  20.3000        204.000       -359724.     
  20.4000        205.000       -360711.     
  20.5000        206.000       -360711.     
  20.6000        207.000       -360711.     
  20.7000        208.000       -360711.     
  20.8000        209.000       -370477.     
  20.9000        210.000       -370473.     
  21.0000        211.000       -370473.     
  21.1000        212.000       -370473.     
  21.2000        213.000       -370473.     
  21.3000        214.000       -370473.     
  21.4000        215.000       -370473.     
  21.5000        216.000       -370473.     
  21.6000        217.000       -370473.     
  21.7000        218.000       -370943.     
  21.8000        219.000       -368941.     
  21.9000        220.000       -368349.     
  22.0000        221.000       -361595.     
  22.1000        222.000       -361595.     
  22.2000        223.000       -361595.     
  22.3000        224.000       -361595.     
  22.4000        225.000       -361595.     
  22.5000        226.000       -361595.     
  22.6000        227.000       -361595.     
  22.7000        228.000       -361595.     
  22.8000        229.000       -361595.     
  22.9000        230.000       -346858.     
  23.0000        231.000       -347241.     
  23.1000        232.000       -347241.     
  23.2000        233.000       -351232.     
  23.3000        234.000       -351220.     
  23.4000        235.000       -352049.     
  23.5000        236.000       -350706.     
  23.6000        237.000       -350706.     
  23.7000        238.000       -350706.     
  23.8000        239.000       -349668.     
  23.9000        240.000       -349668.     
  24.0000        241.000       -348296.     
  24.1000        242.000       -348297.     
  24.2000        243.000       -334680.     
  24.3000        244.000       -333686.     
  24.4000        245.000       -333482.     
  24.5000        246.000       -333482.     
  24.6000        247.000       -332300.     
  24.7000        248.000       -332300.     
  24.8000        249.000       -332300.     
  24.9000        250.000       -332305.     
  25.0000        251.000       -332300.     
  25.1000        252.000       -332300.     
  25.2000        253.000       -332305.     
  25.3000        254.000       -332305.     
  25.4000        255.000       -332305.     
  25.5000        256.000       -332305.     
  25.6000        257.000       -331038.     
  25.7000        258.000       -332102.     
  25.8000        259.000       -331252.     
  25.9000        260.000       -331252.     
  26.0000        261.000       -331252.     
  26.1000        262.000       -331244.     
  26.2000        263.000       -331264.     
  26.3000        264.000       -331241.     
  26.4000        265.000       -331241.     
  26.5000        266.000       -331241.     
  26.6000        267.000       -331241.     
  26.7000        268.000       -331241.     
  26.8000        269.000       -331241.     
  26.9000        270.000       -331241.     
  27.0000        271.000       -331241.     
  27.1000        272.000       -331241.     
  27.2000        273.000       -331241.     
  27.3000        274.000       -331241.     
  27.4000        275.000       -331241.     
  27.5000        276.000       -331241.     
  27.6000        277.000       -331241.     
  27.7000        278.000       -331206.     
  27.8000        279.000       -331206.     
  27.9000        280.000       -331206.     
  28.0000        281.000       -331206.     
  28.1000        282.000       -331206.     
  28.2000        283.000       -331206.     
  28.3000        284.000       -331206.     
  28.4000        285.000       -331206.     
  28.5000        286.000       -331206.     
  28.6000        287.000       -331206.     
  28.7000        288.000       -331206.     
  28.8000        289.000       -331206.     
  28.9000        290.000       -331206.     
  29.0000        291.000       -331206.     
  29.1000        292.000       -331206.     
  29.2000        293.000       -331206.     
  29.3000        294.000       -331206.     
  29.4000        295.000       -331206.     
  29.5000        296.000       -331206.     
  29.6000        297.000       -331206.     
  29.7000        298.000       -331206.     
  29.8000        299.000       -331206.     
  29.9000        300.000       -331206.     
  30.0000        301.000       -331206.     
  30.1000        302.000       -331206.     
  30.2000        303.000       -331206.     
  30.3000        304.000       -331206.     
  30.4000        305.000       -331206.     
  30.5000        306.000       -331206.     
  30.6000        307.000       -331206.     
  30.7000        308.000       -331206.     
  30.8000        309.000       -331206.     
  30.9000        310.000       -331206.     
  31.0000        311.000       -331206.     
  31.1000        312.000       -331206.     
  31.2000        313.000       -331206.     
  31.3000        314.000       -331206.     
  31.4000        315.000       -331206.     
  31.5000        316.000       -331206.     
  31.6000        317.000       -331206.     
  31.7000        318.000       -331206.     
  31.8000        319.000       -331206.     
  31.9000        320.000       -331206.     
  32.0000        321.000       -331206.     
  32.1000        322.000       -331206.     
  32.2000        323.000       -331206.     
  32.3000        324.000       -331206.     
  32.4000        325.000       -331206.     
  32.5000        326.000       -331206.     
  32.6000        327.000       -331206.     
  32.7000        328.000       -331206.     
  32.8000        329.000       -331206.     
  32.9000        330.000       -331206.     
  33.0000        331.000       -331206.     
  33.1000        332.000       -331206.     
  33.2000        333.000       -331206.     
  33.3000        334.000       -331206.     
  33.4000        335.000       -331206.     
  33.5000        336.000       -331206.     
  33.6000        337.000       -331206.     
  33.7000        338.000       -331206.     
  33.8000        339.000       -331206.     
  33.9000        340.000       -331206.     
  34.0000        341.000       -331206.     
  34.1000        342.000       -331206.     
  34.2000        343.000       -331206.     
  34.3000        344.000       -331206.     
  34.4000        345.000       -331206.     
  34.5000        346.000       -331206.     
  34.6000        347.000       -331206.     
  34.7000        348.000       -331206.     
  34.8000        349.000       -331206.     
  34.9000        350.000       -331206.     
  35.0000        351.000       -331206.     
  35.1000        352.000       -331206.     
  35.2000        353.000       -331206.     
  35.3000        354.000       -331206.     
  35.4000        355.000       -331206.     
  35.5000        356.000       -331206.     
  35.6000        357.000       -331206.     
  35.7000        358.000       -331206.     
  35.8000        359.000       -331206.     
  35.9000        360.000       -331206.     
  36.0000        361.000       -331206.     
  36.1000        362.000       -331206.     
  36.2000        363.000       -331206.     
  36.3000        364.000       -331206.     
  36.4000        365.000       -331206.     
  36.5000        366.000       -331206.     
  36.6000        367.000       -331206.     
  36.7000        368.000       -331206.     
  36.8000        369.000       -331206.     
  36.9000        370.000       -331206.     
  37.0000        371.000       -331206.     
  37.1000        372.000       -331206.     
  37.2000        373.000       -331206.     
  37.3000        374.000       -331206.     
  37.4000        375.000       -331206.     
  37.5000        376.000       -331206.     
  37.6000        377.000       -331206.     
  37.7000        378.000       -331206.     
  37.8000        379.000       -331206.     
  37.9000        380.000       -331206.     
  38.0000        381.000       -331230.     
  38.1000        382.000       -331230.     
  38.2000        383.000       -331230.     
  38.3000        384.000       -331230.     
  38.4000        385.000       -331230.     
  38.5000        386.000       -331230.     
  38.6000        387.000       -331230.     
  38.7000        388.000       -331230.     
  38.8000        389.000       -331230.     
  38.9000        390.000       -331361.     
  39.0000        391.000       -331362.     
  39.1000        392.000       -331362.     
  39.2000        393.000       -331362.     
  39.3000        394.000       -331311.     
  39.4000        395.000       -331318.     
  39.5000        396.000       -331670.     
  39.6000        397.000       -331670.     
  39.7000        398.000       -331303.     
  39.8000        399.000       -331303.     
  39.9000        400.000       -331010.     
  40.0000        401.000       -331011.     
  40.1000        402.000       -331011.     
  40.2000        403.000       -331011.     
  40.3000        404.000       -331011.     
  40.4000        405.000       -331011.     
  40.5000        406.000       -330844.     
  40.6000        407.000       -331012.     
  40.7000        408.000       -331009.     
  40.8000        409.000       -331010.     
  40.9000        410.000       -331009.     
  41.0000        411.000       -330434.     
  41.1000        412.000       -330434.     
  41.2000        413.000       -331203.     
  41.3000        414.000       -332358.     
  41.4000        415.000       -331203.     
  41.5000        416.000       -331203.     
  41.6000        417.000       -331788.     
  41.7000        418.000       -331204.     
  41.8000        419.000       -331788.     
  41.9000        420.000       -331936.     
  42.0000        421.000       -331202.     
  42.1000        422.000       -331788.     
  42.2000        423.000       -331209.     
  42.3000        424.000       -330698.     
  42.4000        425.000       -330697.     
  42.5000        426.000       -330697.     
  42.6000        427.000       -330697.     
  42.7000        428.000       -330697.     
  42.8000        429.000       -330437.     
  42.9000        430.000       -330310.     
  43.0000        431.000       -330237.     
  43.1000        432.000       -330240.     
  43.2000        433.000       -330241.     
  43.3000        434.000       -330240.     
  43.4000        435.000       -330241.     
  43.5000        436.000       -330242.     
  43.6000        437.000       -330149.     
  43.7000        438.000       -329907.     
  43.8000        439.000       -329907.     
  43.9000        440.000       -329907.     
  44.0000        441.000       -329907.     
  44.1000        442.000       -329907.     
  44.2000        443.000       -329527.     
  44.3000        444.000       -329527.     
  44.4000        445.000       -329478.     
  44.5000        446.000       -331213.     
  44.6000        447.000       -329683.     
  44.7000        448.000       -329735.     
  44.8000        449.000       -329601.     
  44.9000        450.000       -329498.     
  45.0000        451.000       -329454.     
  45.1000        452.000       -331239.     
  45.2000        453.000       -329454.     
  45.3000        454.000       -329453.     
  45.4000        455.000       -329106.     
  45.5000        456.000       -329106.     
  45.6000        457.000       -329106.     
  45.7000        458.000       -329106.     
  45.8000        459.000       -328782.     
  45.9000        460.000       -329110.     
  46.0000        461.000       -329110.     
  46.1000        462.000       -329112.     
  46.2000        463.000       -328791.     
  46.3000        464.000       -328791.     
  46.4000        465.000       -328791.     
  46.5000        466.000       -329299.     
  46.6000        467.000       -328150.     
  46.7000        468.000       -328150.     
  46.8000        469.000       -328151.     
  46.9000        470.000       -329126.     
  47.0000        471.000       -328152.     
  47.1000        472.000       -327855.     
  47.2000        473.000       -327852.     
  47.3000        474.000       -327931.     
  47.4000        475.000       -327931.     
  47.5000        476.000       -327560.     
  47.6000        477.000       -327345.     
  47.7000        478.000       -327560.     
  47.8000        479.000       -327348.     
  47.9000        480.000       -327344.     
  48.0000        481.000       -327356.     
  48.1000        482.000       -327354.     
  48.2000        483.000       -327346.     
  48.3000        484.000       -327347.     
  48.4000        485.000       -327349.     
  48.5000        486.000       -327349.     
  48.6000        487.000       -327350.     
  48.7000        488.000       -327350.     
  48.8000        489.000       -327350.     
  48.9000        490.000       -327350.     
  49.0000        491.000       -327352.     
  49.1000        492.000       -327352.     
  49.2000        493.000       -327352.     
  49.3000        494.000       -327352.     
  49.4000        495.000       -327352.     
  49.5000        496.000       -327352.     
  49.6000        497.000       -327352.     
  49.7000        498.000       -327352.     
  49.8000        499.000       -327199.     
  49.9000        500.000       -328259.     
  50.0000        501.000       -325951.     
