|6.6.6
inf_a/gloss/build/PT_inf_gloss0_1.tab                                                               
           1
n,alqt. 
   2.1219957929415349E-314
   2.1219957929415349E-314
 -1093655392
           3
n,alqt.        node#          mu[O2],J/mol  
  0.00000        1.00000       -353127.     
 0.100000        2.00000       -356607.     
 0.200000        3.00000       -357438.     
 0.300000        4.00000       -358170.     
 0.400000        5.00000       -356607.     
 0.500000        6.00000       -358268.     
 0.600000        7.00000       -358170.     
 0.700000        8.00000       -357604.     
 0.800000        9.00000       -358185.     
 0.900000        10.0000       -358185.     
  1.00000        11.0000       -358185.     
  1.10000        12.0000       -358185.     
  1.20000        13.0000       -358185.     
  1.30000        14.0000       -358271.     
  1.40000        15.0000       -358155.     
  1.50000        16.0000       -358155.     
  1.60000        17.0000       -358155.     
  1.70000        18.0000       -358155.     
  1.80000        19.0000       -358155.     
  1.90000        20.0000       -358155.     
  2.00000        21.0000       -358155.     
  2.10000        22.0000       -358155.     
  2.20000        23.0000       -358155.     
  2.30000        24.0000       -358155.     
  2.40000        25.0000       -358155.     
  2.50000        26.0000       -358155.     
  2.60000        27.0000       -358155.     
  2.70000        28.0000       -358288.     
  2.80000        29.0000       -358288.     
  2.90000        30.0000       -358427.     
  3.00000        31.0000       -358427.     
  3.10000        32.0000       -358569.     
  3.20000        33.0000       -358724.     
  3.30000        34.0000       -358731.     
  3.40000        35.0000       -358982.     
  3.50000        36.0000       -358997.     
  3.60000        37.0000       -359153.     
  3.70000        38.0000       -359511.     
  3.80000        39.0000       -359526.     
  3.90000        40.0000       -359526.     
  4.00000        41.0000       -359575.     
  4.10000        42.0000       -359990.     
  4.20000        43.0000       -359990.     
  4.30000        44.0000       -360058.     
  4.40000        45.0000       -359575.     
  4.50000        46.0000       -359943.     
  4.60000        47.0000       -359990.     
  4.70000        48.0000       -360058.     
  4.80000        49.0000       -360058.     
  4.90000        50.0000       -360270.     
  5.00000        51.0000       -360399.     
  5.10000        52.0000       -360581.     
  5.20000        53.0000       -360581.     
  5.30000        54.0000       -360802.     
  5.40000        55.0000       -360802.     
  5.50000        56.0000       -361093.     
  5.60000        57.0000       -361093.     
  5.70000        58.0000       -361199.     
  5.80000        59.0000       -360581.     
  5.90000        60.0000       -360802.     
  6.00000        61.0000       -360802.     
  6.10000        62.0000       -360985.     
  6.20000        63.0000       -361093.     
  6.30000        64.0000       -361093.     
  6.40000        65.0000       -361199.     
  6.50000        66.0000       -361250.     
  6.60000        67.0000       -361590.     
  6.70000        68.0000       -361590.     
  6.80000        69.0000       -361590.     
  6.90000        70.0000       -361596.     
  7.00000        71.0000       -361350.     
  7.10000        72.0000       -361596.     
  7.20000        73.0000       -361596.     
  7.30000        74.0000       -361596.     
  7.40000        75.0000       -361727.     
  7.50000        76.0000       -361810.     
  7.60000        77.0000       -361879.     
  7.70000        78.0000       -361976.     
  7.80000        79.0000       -361976.     
  7.90000        80.0000       -362090.     
  8.00000        81.0000       -362090.     
  8.10000        82.0000       -362106.     
  8.20000        83.0000       -362228.     
  8.30000        84.0000       -362355.     
  8.40000        85.0000       -362429.     
  8.50000        86.0000       -362574.     
  8.60000        87.0000       -362574.     
  8.70000        88.0000       -362730.     
  8.80000        89.0000       -363050.     
  8.90000        90.0000       -362600.     
  9.00000        91.0000       -362730.     
  9.10000        92.0000       -362731.     
  9.20000        93.0000       -362730.     
  9.30000        94.0000       -362919.     
  9.40000        95.0000       -363050.     
  9.50000        96.0000       -363050.     
  9.60000        97.0000       -363050.     
  9.70000        98.0000       -363099.     
  9.80000        99.0000       -363099.     
  9.90000        100.000       -363099.     
  10.0000        101.000       -363228.     
  10.1000        102.000       -363463.     
  10.2000        103.000       -363418.     
  10.3000        104.000       -363463.     
  10.4000        105.000       -363564.     
  10.5000        106.000       -363959.     
  10.6000        107.000       -364026.     
  10.7000        108.000       -364287.     
  10.8000        109.000       -369913.     
  10.9000        110.000       -364710.     
  11.0000        111.000       -364997.     
  11.1000        112.000       -365174.     
  11.2000        113.000       -365615.     
  11.3000        114.000       -365693.     
  11.4000        115.000       -366023.     
  11.5000        116.000       -366411.     
  11.6000        117.000       -366379.     
  11.7000        118.000       -366504.     
  11.8000        119.000       -367020.     
  11.9000        120.000       -367117.     
  12.0000        121.000       -367296.     
  12.1000        122.000       -367750.     
  12.2000        123.000       -367782.     
  12.3000        124.000       -368229.     
  12.4000        125.000       -368334.     
  12.5000        126.000       -368436.     
  12.6000        127.000       -368875.     
  12.7000        128.000       -369066.     
  12.8000        129.000       -369112.     
  12.9000        130.000       -369410.     
  13.0000        131.000       -369747.     
  13.1000        132.000       -369908.     
  13.2000        133.000       -369908.     
  13.3000        134.000       -370404.     
  13.4000        135.000       -370906.     
  13.5000        136.000       -376477.     
  13.6000        137.000       -371020.     
  13.7000        138.000       -371051.     
  13.8000        139.000       -371488.     
  13.9000        140.000       -377302.     
  14.0000        141.000       -371737.     
  14.1000        142.000       -372742.     
  14.2000        143.000       -377954.     
  14.3000        144.000       -373155.     
  14.4000        145.000       -378608.     
  14.5000        146.000       -372906.     
  14.6000        147.000       -373300.     
  14.7000        148.000       -373519.     
  14.8000        149.000       -373489.     
  14.9000        150.000       -373811.     
  15.0000        151.000       -374605.     
  15.1000        152.000       -380012.     
  15.2000        153.000       -375065.     
  15.3000        154.000       -374686.     
  15.4000        155.000       -375207.     
  15.5000        156.000       -375264.     
  15.6000        157.000       -375313.     
  15.7000        158.000       -375344.     
  15.8000        159.000       -371098.     
  15.9000        160.000       -376383.     
  16.0000        161.000       -381940.     
  16.1000        162.000       -376470.     
  16.2000        163.000       -376515.     
  16.3000        164.000       -376727.     
  16.4000        165.000       -377000.     
  16.5000        166.000       -377530.     
  16.6000        167.000       -377478.     
  16.7000        168.000       -377620.     
  16.8000        169.000       -377568.     
  16.9000        170.000       -378114.     
  17.0000        171.000       -383876.     
  17.1000        172.000       -383945.     
  17.2000        173.000       -378694.     
  17.3000        174.000       -378668.     
  17.4000        175.000       -378851.     
  17.5000        176.000       -384459.     
  17.6000        177.000       -379422.     
  17.7000        178.000       -384645.     
  17.8000        179.000       -374064.     
  17.9000        180.000       -379957.     
  18.0000        181.000       -380216.     
  18.1000        182.000       -385025.     
  18.2000        183.000       -386929.     
  18.3000        184.000       -374997.     
  18.4000        185.000       -381413.     
  18.5000        186.000       -381389.     
  18.6000        187.000       -385574.     
  18.7000        188.000       -385671.     
  18.8000        189.000       -381706.     
  18.9000        190.000       -385843.     
  19.0000        191.000       -382225.     
  19.1000        192.000       -383002.     
  19.2000        193.000       -386111.     
  19.3000        194.000       -383438.     
  19.4000        195.000       -376795.     
  19.5000        196.000       -383565.     
  19.6000        197.000       -386664.     
  19.7000        198.000       -383535.     
  19.8000        199.000       -386920.     
  19.9000        200.000       -386885.     
  20.0000        201.000       -377662.     
  20.1000        202.000       -384242.     
  20.2000        203.000       -387172.     
  20.3000        204.000       -385390.     
  20.4000        205.000       -387421.     
  20.5000        206.000       -385061.     
  20.6000        207.000       -378837.     
  20.7000        208.000       -391960.     
  20.8000        209.000       -392050.     
  20.9000        210.000       -392546.     
  21.0000        211.000       -386084.     
  21.1000        212.000       -388037.     
  21.2000        213.000       -388148.     
  21.3000        214.000       -388114.     
  21.4000        215.000       -379858.     
  21.5000        216.000       -358935.     
  21.6000        217.000       -359465.     
  21.7000        218.000       -362272.     
  21.8000        219.000       -359222.     
  21.9000        220.000       -359373.     
  22.0000        221.000       -359439.     
  22.1000        222.000       -359646.     
  22.2000        223.000       -360260.     
  22.3000        224.000       -359874.     
  22.4000        225.000       -359904.     
  22.5000        226.000       -360064.     
  22.6000        227.000       -360162.     
  22.7000        228.000       -360280.     
  22.8000        229.000       -360417.     
  22.9000        230.000       -360484.     
  23.0000        231.000       -361635.     
  23.1000        232.000       -360684.     
  23.2000        233.000       -360883.     
  23.3000        234.000       -361079.     
  23.4000        235.000       -361113.     
  23.5000        236.000       -361266.     
  23.6000        237.000       -362621.     
  23.7000        238.000       -361463.     
  23.8000        239.000       -362640.     
  23.9000        240.000       -363280.     
  24.0000        241.000       -363562.     
  24.1000        242.000       -361993.     
  24.2000        243.000       -364021.     
  24.3000        244.000       -362204.     
  24.4000        245.000       -360274.     
  24.5000        246.000       -363560.     
  24.6000        247.000       -364820.     
  24.7000        248.000       -363404.     
  24.8000        249.000       -365199.     
  24.9000        250.000       -362961.     
  25.0000        251.000       -363079.     
  25.1000        252.000       -364898.     
  25.2000        253.000       -363187.     
  25.3000        254.000       -366353.     
  25.4000        255.000       -366624.     
  25.5000        256.000       -364257.     
  25.6000        257.000       -363749.     
  25.7000        258.000       -366724.     
  25.8000        259.000       -367364.     
  25.9000        260.000       -365242.     
  26.0000        261.000       -364896.     
  26.1000        262.000       -368088.     
  26.2000        263.000       -368146.     
  26.3000        264.000       -368502.     
  26.4000        265.000       -364688.     
  26.5000        266.000       -369086.     
  26.6000        267.000       -364928.     
  26.7000        268.000       -369550.     
  26.8000        269.000       -372346.     
  26.9000        270.000       -370136.     
  27.0000        271.000       -370341.     
  27.1000        272.000       -370593.     
  27.2000        273.000       -370868.     
  27.3000        274.000       -372053.     
  27.4000        275.000       -371406.     
  27.5000        276.000       -371785.     
  27.6000        277.000       -371955.     
  27.7000        278.000       -371877.     
  27.8000        279.000       -370045.     
  27.9000        280.000       -380354.     
  28.0000        281.000       -380784.     
  28.1000        282.000       -370312.     
  28.2000        283.000       -381031.     
  28.3000        284.000       -381214.     
  28.4000        285.000       -381916.     
  28.5000        286.000       -382375.     
  28.6000        287.000       -382512.     
  28.7000        288.000       -371066.     
  28.8000        289.000       -381748.     
  28.9000        290.000       -383260.     
  29.0000        291.000       -383682.     
  29.1000        292.000       -382024.     
  29.2000        293.000       -383970.     
  29.3000        294.000       -384365.     
  29.4000        295.000       -384473.     
  29.5000        296.000       -384941.     
  29.6000        297.000       -385362.     
  29.7000        298.000       -385792.     
  29.8000        299.000       -386165.     
  29.9000        300.000       -386624.     
  30.0000        301.000       -387086.     
  30.1000        302.000       -370319.     
  30.2000        303.000       -387260.     
  30.3000        304.000       -387397.     
  30.4000        305.000       -388164.     
  30.5000        306.000       -378706.     
  30.6000        307.000       -388356.     
  30.7000        308.000       -388776.     
  30.8000        309.000       -389189.     
  30.9000        310.000       -389606.     
  31.0000        311.000       -390022.     
  31.1000        312.000       -390669.     
  31.2000        313.000       -369641.     
  31.3000        314.000       -390676.     
  31.4000        315.000       -391190.     
  31.5000        316.000       -391927.     
  31.6000        317.000       -392122.     
  31.7000        318.000       -392486.     
  31.8000        319.000       -393169.     
  31.9000        320.000       -393883.     
  32.0000        321.000       -394542.     
  32.1000        322.000       -395114.     
  32.2000        323.000       -395569.     
  32.3000        324.000       -396217.     
  32.4000        325.000       -396932.     
  32.5000        326.000       -397371.     
  32.6000        327.000       -398539.     
  32.7000        328.000       -399386.     
  32.8000        329.000       -399696.     
  32.9000        330.000       -401196.     
  33.0000        331.000       -401405.     
  33.1000        332.000       -403020.     
  33.2000        333.000       -403280.     
  33.3000        334.000       -404274.     
  33.4000        335.000       -406298.     
  33.5000        336.000       -408491.     
  33.6000        337.000       -409382.     
  33.7000        338.000       -409933.     
  33.8000        339.000       -410383.     
  33.9000        340.000       -410462.     
  34.0000        341.000       -411032.     
  34.1000        342.000       -409989.     
  34.2000        343.000       -384435.     
  34.3000        344.000       -407424.     
  34.4000        345.000       -406030.     
  34.5000        346.000       -405371.     
  34.6000        347.000       -408801.     
  34.7000        348.000       -409894.     
  34.8000        349.000       -409458.     
  34.9000        350.000       -408608.     
  35.0000        351.000       -406268.     
  35.1000        352.000       -406520.     
  35.2000        353.000       -408923.     
  35.3000        354.000       -410216.     
  35.4000        355.000       -408697.     
  35.5000        356.000       -408954.     
  35.6000        357.000       -410865.     
  35.7000        358.000       -412581.     
  35.8000        359.000       -409990.     
  35.9000        360.000       -388374.     
  36.0000        361.000       -408135.     
  36.1000        362.000       -406808.     
  36.2000        363.000       -379845.     
  36.3000        364.000       -405349.     
  36.4000        365.000       -384724.     
  36.5000        366.000       -381639.     
  36.6000        367.000       -381277.     
  36.7000        368.000       -381284.     
  36.8000        369.000       -381803.     
  36.9000        370.000       -380089.     
  37.0000        371.000       -385127.     
  37.1000        372.000       -399125.     
  37.2000        373.000       -389905.     
  37.3000        374.000       -380324.     
  37.4000        375.000       -386148.     
  37.5000        376.000       -396520.     
  37.6000        377.000       -414843.     
  37.7000        378.000       -402933.     
  37.8000        379.000       -394182.     
  37.9000        380.000       -392432.     
  38.0000        381.000       -433085.     
  38.1000        382.000       -400199.     
  38.2000        383.000       -387457.     
  38.3000        384.000       -391764.     
  38.4000        385.000       -425071.     
  38.5000        386.000       -383200.     
  38.6000        387.000       -381595.     
  38.7000        388.000       -380623.     
  38.8000        389.000       -422464.     
  38.9000        390.000       -428615.     
  39.0000        391.000       -423352.     
  39.1000        392.000       -423104.     
  39.2000        393.000       -428793.     
  39.3000        394.000       -429396.     
  39.4000        395.000       -422543.     
  39.5000        396.000       -429697.     
  39.6000        397.000       -411476.     
  39.7000        398.000       -422053.     
  39.8000        399.000       -431380.     
  39.9000        400.000       -383588.     
  40.0000        401.000       -430845.     
  40.1000        402.000       -382659.     
  40.2000        403.000       -420971.     
  40.3000        404.000       -430998.     
  40.4000        405.000       -421291.     
  40.5000        406.000       -430642.     
  40.6000        407.000       -430972.     
  40.7000        408.000       -383617.     
  40.8000        409.000       -421674.     
  40.9000        410.000       -382283.     
  41.0000        411.000       -404113.     
  41.1000        412.000       -403050.     
  41.2000        413.000       -400075.     
  41.3000        414.000       -394610.     
  41.4000        415.000       -403293.     
  41.5000        416.000       -420465.     
  41.6000        417.000       -421103.     
  41.7000        418.000       -378898.     
  41.8000        419.000       -379034.     
  41.9000        420.000       -430562.     
  42.0000        421.000       -430568.     
  42.1000        422.000       -378503.     
  42.2000        423.000       -378846.     
  42.3000        424.000       -417377.     
  42.4000        425.000       -423546.     
  42.5000        426.000       -392849.     
  42.6000        427.000       -378623.     
  42.7000        428.000       -395200.     
  42.8000        429.000       -430413.     
  42.9000        430.000       -381796.     
  43.0000        431.000       -378670.     
  43.1000        432.000       -382069.     
  43.2000        433.000       -414217.     
  43.3000        434.000       -383779.     
  43.4000        435.000       -406658.     
  43.5000        436.000       -382797.     
  43.6000        437.000       -416225.     
  43.7000        438.000       -382521.     
  43.8000        439.000       -383240.     
  43.9000        440.000       -382477.     
  44.0000        441.000       -382454.     
  44.1000        442.000       -382480.     
  44.2000        443.000       -392728.     
  44.3000        444.000       -414460.     
  44.4000        445.000       -382571.     
  44.5000        446.000       -383908.     
  44.6000        447.000       -427562.     
  44.7000        448.000       -416772.     
  44.8000        449.000       -383864.     
  44.9000        450.000       -420770.     
  45.0000        451.000       -395149.     
  45.1000        452.000       -417040.     
  45.2000        453.000       -383737.     
  45.3000        454.000       -383496.     
  45.4000        455.000       -384576.     
  45.5000        456.000       -384711.     
  45.6000        457.000       -409863.     
  45.7000        458.000       -384669.     
  45.8000        459.000       -384739.     
  45.9000        460.000       -416679.     
  46.0000        461.000       -389840.     
  46.1000        462.000       -384917.     
  46.2000        463.000       -383627.     
  46.3000        464.000       -383011.     
  46.4000        465.000       -383501.     
  46.5000        466.000       -383543.     
  46.6000        467.000       -383320.     
  46.7000        468.000       -384235.     
  46.8000        469.000       -384235.     
  46.9000        470.000       -384235.     
  47.0000        471.000       -415649.     
  47.1000        472.000       -404634.     
  47.2000        473.000       -388111.     
  47.3000        474.000       -384455.     
  47.4000        475.000       -383341.     
  47.5000        476.000       -404517.     
  47.6000        477.000       -383506.     
  47.7000        478.000       -383473.     
  47.8000        479.000       -384200.     
  47.9000        480.000       -383365.     
  48.0000        481.000       -396607.     
  48.1000        482.000       -384299.     
  48.2000        483.000       -385269.     
  48.3000        484.000       -385309.     
  48.4000        485.000       -405483.     
  48.5000        486.000       -405483.     
  48.6000        487.000       -403576.     
  48.7000        488.000       -385107.     
  48.8000        489.000       -388700.     
  48.9000        490.000       -404012.     
  49.0000        491.000       -389678.     
  49.1000        492.000       -383554.     
  49.2000        493.000       -396288.     
  49.3000        494.000       -383482.     
  49.4000        495.000       -389327.     
  49.5000        496.000       -389649.     
  49.6000        497.000       -404543.     
  49.7000        498.000       -383554.     
  49.8000        499.000       -396022.     
  49.9000        500.000       -383482.     
  50.0000        501.000       -426639.     
