|6.6.6
PT_inf_gloss16_2.tab                                                                                
           1
n,alqt. 
  0.000000000000000E+000
  0.000000000000000E+000
           0
           5
n,alqt.        node#          mu[O2],J/mol   mu[S2],J/mol   mu[C],J/mol   
  0.00000        1.00000       -359261.       -328548.       -76102.7     
 0.100000        2.00000       -358981.       -139978.       -76380.8     
 0.200000        3.00000       -358981.       -138818.       -76380.8     
 0.300000        4.00000       -358904.       -130862.       -76455.1     
 0.400000        5.00000       -358904.       -126951.       -76455.1     
 0.500000        6.00000       -359198.       -141703.       -76163.0     
 0.600000        7.00000       -359198.       -141703.       -76163.0     
 0.700000        8.00000       -359198.       -141703.       -76163.0     
 0.800000        9.00000       -359198.       -141703.       -76163.0     
 0.900000        10.0000       -359198.       -141703.       -76163.0     
  1.00000        11.0000       -359198.       -141703.       -76163.0     
  1.10000        12.0000       -359198.       -141703.       -76163.0     
  1.20000        13.0000       -359198.       -141703.       -76163.0     
  1.30000        14.0000       -359198.       -141703.       -76163.0     
  1.40000        15.0000       -359198.       -141703.       -76163.0     
  1.50000        16.0000       -359198.       -141703.       -76163.0     
  1.60000        17.0000       -359198.       -141703.       -76163.0     
  1.70000        18.0000       -359198.       -141703.       -76163.0     
  1.80000        19.0000       -359198.       -141703.       -76163.0     
  1.90000        20.0000       -359198.       -141703.       -76163.0     
  2.00000        21.0000       -359198.       -141703.       -76163.0     
  2.10000        22.0000       -359198.       -141703.       -76163.0     
  2.20000        23.0000       -359198.       -141703.       -76163.0     
  2.30000        24.0000       -359198.       -141703.       -76163.0     
  2.40000        25.0000       -359198.       -141703.       -76163.0     
  2.50000        26.0000       -359198.       -141703.       -76163.0     
  2.60000        27.0000       -359198.       -141703.       -76163.0     
  2.70000        28.0000       -359198.       -141475.       -76163.0     
  2.80000        29.0000       -359198.       -131584.       -76163.0     
  2.90000        30.0000       -359198.       -125734.       -76163.0     
  3.00000        31.0000       -359198.       -121409.       -76163.0     
  3.10000        32.0000       -359198.       -121409.       -76163.0     
  3.20000        33.0000       -359198.       -121409.       -76163.0     
  3.30000        34.0000       -359198.       -121409.       -76163.0     
  3.40000        35.0000       -359198.       -121409.       -76163.0     
  3.50000        36.0000       -359198.       -121409.       -76163.0     
  3.60000        37.0000       -359198.       -121409.       -76163.0     
  3.70000        38.0000       -359198.       -121409.       -76163.0     
  3.80000        39.0000       -359198.       -121409.       -76163.0     
  3.90000        40.0000       -359198.       -121409.       -76163.0     
  4.00000        41.0000       -359198.       -121409.       -76163.0     
  4.10000        42.0000       -359198.       -121409.       -76163.0     
  4.20000        43.0000       -359198.       -121409.       -76163.0     
  4.30000        44.0000       -359198.       -121409.       -76163.0     
  4.40000        45.0000       -359198.       -121409.       -76163.0     
  4.50000        46.0000       -359198.       -121409.       -76163.0     
  4.60000        47.0000       -359198.       -121409.       -76163.0     
  4.70000        48.0000       -359198.       -121409.       -76163.0     
  4.80000        49.0000       -359198.       -121409.       -76163.0     
  4.90000        50.0000       -359198.       -121409.       -76163.0     
  5.00000        51.0000       -359198.       -121409.       -76163.0     
  5.10000        52.0000       -359198.       -121409.       -76163.0     
  5.20000        53.0000       -359198.       -121409.       -76163.0     
  5.30000        54.0000       -359056.       -142149.       -76309.7     
  5.40000        55.0000       -359065.       -142124.       -76301.1     
  5.50000        56.0000       -359065.       -142124.       -76301.1     
  5.60000        57.0000       -359065.       -142124.       -76301.1     
  5.70000        58.0000       -359065.       -142124.       -76301.1     
  5.80000        59.0000       -359065.       -142124.       -76301.1     
  5.90000        60.0000       -359065.       -142124.       -76301.1     
  6.00000        61.0000       -359065.       -142124.       -76301.1     
  6.10000        62.0000       -359065.       -142124.       -76301.1     
  6.20000        63.0000       -359065.       -142124.       -76301.1     
  6.30000        64.0000       -359065.       -142124.       -76301.1     
  6.40000        65.0000       -359065.       -142124.       -76301.1     
  6.50000        66.0000       -359065.       -142124.       -76301.1     
  6.60000        67.0000       -359065.       -142124.       -76301.1     
  6.70000        68.0000       -359065.       -142124.       -76301.1     
  6.80000        69.0000       -359065.       -142124.       -76301.1     
  6.90000        70.0000       -359065.       -142124.       -76301.1     
  7.00000        71.0000       -359065.       -142124.       -76301.1     
  7.10000        72.0000       -359065.       -142124.       -76301.1     
  7.20000        73.0000       -359065.       -142124.       -76301.1     
  7.30000        74.0000       -359065.       -142124.       -76301.1     
  7.40000        75.0000       -359065.       -142124.       -76301.1     
  7.50000        76.0000       -359065.       -142124.       -76301.1     
  7.60000        77.0000       -359065.       -142124.       -76301.1     
  7.70000        78.0000       -359065.       -142124.       -76301.1     
  7.80000        79.0000       -359065.       -142124.       -76301.1     
  7.90000        80.0000       -359065.       -142124.       -76301.1     
  8.00000        81.0000       -359065.       -142124.       -76301.1     
  8.10000        82.0000       -359065.       -142124.       -76301.1     
  8.20000        83.0000       -359065.       -142124.       -76301.1     
  8.30000        84.0000       -359065.       -142124.       -76301.1     
  8.40000        85.0000       -359065.       -142124.       -76301.1     
  8.50000        86.0000       -359065.       -142124.       -76301.1     
  8.60000        87.0000       -359065.       -142124.       -76301.1     
  8.70000        88.0000       -359065.       -142124.       -76301.1     
  8.80000        89.0000       -359065.       -142124.       -76301.1     
  8.90000        90.0000       -359065.       -142124.       -76301.1     
  9.00000        91.0000       -359065.       -142124.       -76301.1     
  9.10000        92.0000       -359065.       -142124.       -76301.1     
  9.20000        93.0000       -359065.       -142124.       -76301.1     
  9.30000        94.0000       -359065.       -142124.       -76301.1     
  9.40000        95.0000       -359065.       -142124.       -76301.1     
  9.50000        96.0000       -359065.       -142124.       -76301.1     
  9.60000        97.0000       -359065.       -142124.       -76301.1     
  9.70000        98.0000       -359065.       -142124.       -76301.1     
  9.80000        99.0000       -359065.       -142124.       -76301.1     
  9.90000        100.000       -359065.       -142124.       -76301.1     
  10.0000        101.000       -359065.       -142124.       -76301.1     
  10.1000        102.000       -359065.       -142124.       -76301.1     
  10.2000        103.000       -359065.       -142124.       -76301.1     
  10.3000        104.000       -359065.       -142124.       -76301.1     
  10.4000        105.000       -359065.       -142124.       -76301.1     
  10.5000        106.000       -359065.       -142124.       -76301.1     
  10.6000        107.000       -359065.       -142124.       -76301.1     
  10.7000        108.000       -359065.       -142124.       -76301.1     
  10.8000        109.000       -359065.       -142124.       -76301.1     
  10.9000        110.000       -359065.       -142124.       -76301.1     
  11.0000        111.000       -359065.       -142124.       -76301.1     
  11.1000        112.000       -359065.       -142124.       -76301.1     
  11.2000        113.000       -359065.       -142124.       -76301.1     
  11.3000        114.000       -359065.       -142124.       -76301.1     
  11.4000        115.000       -359065.       -142124.       -76301.1     
  11.5000        116.000       -359065.       -142124.       -76301.1     
  11.6000        117.000       -359065.       -142124.       -76301.1     
  11.7000        118.000       -359065.       -142124.       -76301.1     
  11.8000        119.000       -359065.       -142124.       -76301.1     
  11.9000        120.000       -359065.       -142124.       -76301.1     
  12.0000        121.000       -359065.       -142124.       -76301.1     
  12.1000        122.000       -359065.       -142124.       -76301.1     
  12.2000        123.000       -359065.       -142124.       -76301.1     
  12.3000        124.000       -359065.       -142124.       -76301.1     
  12.4000        125.000       -359065.       -142124.       -76301.1     
  12.5000        126.000       -359065.       -142124.       -76301.1     
  12.6000        127.000       -359065.       -142124.       -76301.1     
  12.7000        128.000       -359065.       -142124.       -76301.1     
  12.8000        129.000       -359065.       -142124.       -76301.1     
  12.9000        130.000       -359065.       -142124.       -76301.1     
  13.0000        131.000       -359065.       -142124.       -76301.1     
  13.1000        132.000       -359065.       -142124.       -76301.1     
  13.2000        133.000       -359065.       -142124.       -76301.1     
  13.3000        134.000       -359065.       -142124.       -76301.1     
  13.4000        135.000       -359065.       -142124.       -76301.1     
  13.5000        136.000       -359065.       -142124.       -76301.1     
  13.6000        137.000       -359065.       -142124.       -76301.1     
  13.7000        138.000       -359318.       -140427.       -76045.6     
  13.8000        139.000       -359394.       -138440.       -75968.5     
  13.9000        140.000       -359394.       -138440.       -75968.5     
  14.0000        141.000       -359914.       -136153.       -75443.6     
  14.1000        142.000       -359914.       -136153.       -75443.6     
  14.2000        143.000       -359914.       -136154.       -75443.6     
  14.3000        144.000       -359914.       -136154.       -75443.6     
  14.4000        145.000       -359914.       -136154.       -75443.6     
  14.5000        146.000       -359914.       -136154.       -75443.6     
  14.6000        147.000       -359914.       -136154.       -75443.6     
  14.7000        148.000       -359914.       -136154.       -75443.6     
  14.8000        149.000       -359914.       -136154.       -75443.6     
  14.9000        150.000       -360114.       -135551.       -75240.9     
  15.0000        151.000       -360114.       -135551.       -75240.9     
  15.1000        152.000       -360114.       -135551.       -75240.9     
  15.2000        153.000       -360243.       -135164.       -75110.9     
  15.3000        154.000       -360243.       -135164.       -75110.9     
  15.4000        155.000       -360243.       -135164.       -75110.9     
  15.5000        156.000       -360423.       -134620.       -74928.5     
  15.6000        157.000       -360423.       -134620.       -74928.5     
  15.7000        158.000       -360423.       -134620.       -74928.5     
  15.8000        159.000       -360423.       -134620.       -74928.5     
  15.9000        160.000       -360423.       -134620.       -74928.5     
  16.0000        161.000       -360423.       -134620.       -74928.5     
  16.1000        162.000       -360423.       -134616.       -74928.5     
  16.2000        163.000       -360423.       -134616.       -74928.5     
  16.3000        164.000       -360423.       -134616.       -74928.5     
  16.4000        165.000       -360470.       -134476.       -74881.3     
  16.5000        166.000       -360470.       -134476.       -74881.3     
  16.6000        167.000       -360470.       -133405.       -74881.3     
  16.7000        168.000       -360485.       -133361.       -74866.4     
  16.8000        169.000       -360504.       -133304.       -74847.4     
  16.9000        170.000       -360504.       -133304.       -74847.4     
  17.0000        171.000       -360875.       -132186.       -74472.0     
  17.1000        172.000       -360875.       -132186.       -74472.0     
  17.2000        173.000       -360875.       -132186.       -74472.0     
  17.3000        174.000       -360875.       -132186.       -74472.0     
  17.4000        175.000       -360887.       -132149.       -74459.5     
  17.5000        176.000       -360887.       -132149.       -74459.5     
  17.6000        177.000       -360923.       -132040.       -74423.0     
  17.7000        178.000       -360923.       -132040.       -74423.0     
  17.8000        179.000       -360923.       -132040.       -74423.0     
  17.9000        180.000       -360923.       -132040.       -74423.0     
  18.0000        181.000       -360923.       -132040.       -74423.0     
  18.1000        182.000       -360925.       -132031.       -74421.5     
  18.2000        183.000       -360925.       -132030.       -74421.5     
  18.3000        184.000       -360925.       -132030.       -74421.5     
  18.4000        185.000       -360925.       -132030.       -74421.5     
  18.5000        186.000       -360925.       -132030.       -74421.5     
  18.6000        187.000       -360925.       -132013.       -74421.5     
  18.7000        188.000       -361414.       -129967.       -73926.7     
  18.8000        189.000       -360887.       -132292.       -74459.4     
  18.9000        190.000       -360923.       -132183.       -74422.9     
  19.0000        191.000       -360923.       -132183.       -74422.9     
  19.1000        192.000       -360923.       -132183.       -74422.9     
  19.2000        193.000       -360923.       -132183.       -74422.9     
  19.3000        194.000       -360923.       -132183.       -74422.9     
  19.4000        195.000       -360923.       -132183.       -74422.9     
  19.5000        196.000       -361898.       -127567.       -73438.5     
  19.6000        197.000       -362098.       -125873.       -73236.2     
  19.7000        198.000       -362373.       -122918.       -72957.5     
  19.8000        199.000       -362373.       -122476.       -72957.5     
  19.9000        200.000       -371139.       -93025.6       -64100.9     
  20.0000        201.000       -371142.       -90834.9       -64180.3     
  20.1000        202.000       -371605.       -85838.0       -63686.1     
  20.2000        203.000       -371605.       -84806.5       -63686.1     
  20.3000        204.000       -371605.       -84806.5       -63686.1     
  20.4000        205.000       -371605.       -84806.5       -63686.1     
  20.5000        206.000       -371605.       -84806.5       -63686.1     
  20.6000        207.000       -371605.       -84806.5       -63686.1     
  20.7000        208.000       -371605.       -84806.5       -63686.1     
  20.8000        209.000       -371605.       -84806.5       -63686.1     
  20.9000        210.000       -371605.       -84806.5       -63686.1     
  21.0000        211.000       -371605.       -52817.8       -63717.4     
  21.1000        212.000       -369614.       -51125.6       -65719.2     
  21.2000        213.000       -369614.       -51125.6       -65719.2     
  21.3000        214.000       -369614.       -51125.6       -65719.2     
  21.4000        215.000       -369614.       -51125.6       -65719.2     
  21.5000        216.000       -369614.       -51125.6       -65719.2     
  21.6000        217.000       -369614.       -51125.6       -65719.2     
  21.7000        218.000       -369614.       -51125.6       -65719.2     
  21.8000        219.000       -369614.       -51125.6       -65719.2     
  21.9000        220.000       -366105.       -48493.5       -69227.6     
  22.0000        221.000       -344405.       -32219.0       -90586.0     
  22.1000        222.000       -333183.       -23802.5       -101616.     
  22.2000        223.000       -333183.       -23802.5       -101616.     
  22.3000        224.000       -333183.       -23802.5       -101616.     
  22.4000        225.000       -333183.       -23802.5       -101616.     
  22.5000        226.000       -333183.       -23802.5       -101616.     
  22.6000        227.000       -333183.       -23802.5       -101616.     
  22.7000        228.000       -331674.       -22670.1       -103103.     
  22.8000        229.000       -331674.       -22670.1       -103103.     
  22.9000        230.000       -329836.       -21291.7       -104916.     
  23.0000        231.000       -329217.       -20827.3       -105527.     
  23.1000        232.000       -329217.       -20827.3       -105527.     
  23.2000        233.000       -327442.       -19496.3       -107178.     
  23.3000        234.000       -324086.       -16979.1       -110037.     
  23.4000        235.000       -320570.       -14342.5       -112886.     
  23.5000        236.000       -318595.       -12861.3       -114498.     
  23.6000        237.000       -317425.       -11983.5       -115306.     
  23.7000        238.000       -316658.       -11408.3       -115833.     
  23.8000        239.000       -312743.       -8472.53       -119267.     
  23.9000        240.000       -312887.       -8580.38       -118979.     
  24.0000        241.000       -309731.       -6213.07       -121574.     
  24.1000        242.000       -309039.       -5694.36       -122129.     
  24.2000        243.000       -308939.       -5618.95       -122039.     
  24.3000        244.000       -307036.       -4192.04       -123691.     
  24.4000        245.000       -306760.       -3985.24       -123971.     
  24.5000        246.000       -306760.       -3985.24       -123971.     
  24.6000        247.000       -306760.       -3985.24       -123971.     
  24.7000        248.000       -306760.       -3985.24       -123971.     
  24.8000        249.000       -306760.       -3985.24       -123971.     
  24.9000        250.000       -306760.       -3985.24       -123971.     
  25.0000        251.000       -306760.       -3985.24       -123971.     
