|6.6.6
PT_inf_gloss32_2.tab                                                                                
           1
n,alqt. 
  0.000000000000000E+000
  0.000000000000000E+000
           0
           5
n,alqt.        node#          mu[O2],J/mol   mu[S2],J/mol   mu[C],J/mol   
  0.00000        1.00000       -359082.       -298398.       -73197.9     
 0.100000        2.00000       -358855.       -129466.       -73420.6     
 0.200000        3.00000       -358855.       -128450.       -73420.6     
 0.300000        4.00000       -358855.       -131488.       -73420.6     
 0.400000        5.00000       -358822.       -119934.       -73453.1     
 0.500000        6.00000       -358822.       -117280.       -73453.1     
 0.600000        7.00000       -358822.       -116039.       -73453.1     
 0.700000        8.00000       -358822.       -124157.       -73453.1     
 0.800000        9.00000       -358822.       -131585.       -73453.1     
 0.900000        10.0000       -358822.       -131585.       -73453.1     
  1.00000        11.0000       -358822.       -131585.       -73453.1     
  1.10000        12.0000       -358822.       -131585.       -73453.1     
  1.20000        13.0000       -358822.       -131585.       -73453.1     
  1.30000        14.0000       -358822.       -131585.       -73453.1     
  1.40000        15.0000       -359117.       -130721.       -73157.9     
  1.50000        16.0000       -359117.       -130721.       -73157.9     
  1.60000        17.0000       -359117.       -130721.       -73157.9     
  1.70000        18.0000       -359117.       -130721.       -73157.9     
  1.80000        19.0000       -359117.       -130721.       -73157.9     
  1.90000        20.0000       -359117.       -130721.       -73157.9     
  2.00000        21.0000       -359117.       -130721.       -73157.9     
  2.10000        22.0000       -359117.       -130721.       -73157.9     
  2.20000        23.0000       -359117.       -130721.       -73157.9     
  2.30000        24.0000       -359117.       -130721.       -73157.9     
  2.40000        25.0000       -359120.       -130713.       -73155.2     
  2.50000        26.0000       -359120.       -130713.       -73155.2     
  2.60000        27.0000       -359120.       -130713.       -73155.2     
  2.70000        28.0000       -359120.       -130713.       -73155.2     
  2.80000        29.0000       -359120.       -130713.       -73155.2     
  2.90000        30.0000       -359120.       -130713.       -73155.2     
  3.00000        31.0000       -359120.       -130713.       -73155.2     
  3.10000        32.0000       -359120.       -130713.       -73155.2     
  3.20000        33.0000       -359120.       -130713.       -73155.2     
  3.30000        34.0000       -359120.       -130713.       -73155.2     
  3.40000        35.0000       -359120.       -130713.       -73155.2     
  3.50000        36.0000       -359120.       -130713.       -73155.2     
  3.60000        37.0000       -359120.       -130713.       -73155.2     
  3.70000        38.0000       -359120.       -130713.       -73155.2     
  3.80000        39.0000       -359120.       -130713.       -73155.2     
  3.90000        40.0000       -359120.       -130713.       -73155.2     
  4.00000        41.0000       -359120.       -130713.       -73155.2     
  4.10000        42.0000       -359120.       -130713.       -73155.2     
  4.20000        43.0000       -359120.       -130713.       -73155.2     
  4.30000        44.0000       -359120.       -130713.       -73155.2     
  4.40000        45.0000       -359120.       -130713.       -73155.2     
  4.50000        46.0000       -359120.       -130713.       -73155.2     
  4.60000        47.0000       -359120.       -130713.       -73155.2     
  4.70000        48.0000       -359120.       -130713.       -73155.2     
  4.80000        49.0000       -359120.       -130713.       -73155.2     
  4.90000        50.0000       -359120.       -130713.       -73155.2     
  5.00000        51.0000       -359022.       -131026.       -73258.0     
  5.10000        52.0000       -359022.       -131026.       -73258.0     
  5.20000        53.0000       -359022.       -131026.       -73258.0     
  5.30000        54.0000       -359022.       -131026.       -73258.0     
  5.40000        55.0000       -359022.       -131026.       -73258.0     
  5.50000        56.0000       -359022.       -131026.       -73258.0     
  5.60000        57.0000       -359022.       -131026.       -73258.0     
  5.70000        58.0000       -359022.       -131026.       -73258.0     
  5.80000        59.0000       -359022.       -131026.       -73258.0     
  5.90000        60.0000       -359022.       -131026.       -73258.0     
  6.00000        61.0000       -359022.       -131026.       -73258.0     
  6.10000        62.0000       -359022.       -131026.       -73258.0     
  6.20000        63.0000       -359022.       -131026.       -73258.0     
  6.30000        64.0000       -359022.       -131026.       -73258.0     
  6.40000        65.0000       -359021.       -131028.       -73258.7     
  6.50000        66.0000       -359021.       -131028.       -73258.7     
  6.60000        67.0000       -359021.       -131028.       -73258.7     
  6.70000        68.0000       -359021.       -131028.       -73258.7     
  6.80000        69.0000       -359021.       -131028.       -73258.7     
  6.90000        70.0000       -359021.       -131028.       -73258.7     
  7.00000        71.0000       -359021.       -131028.       -73258.7     
  7.10000        72.0000       -359021.       -131028.       -73258.7     
  7.20000        73.0000       -359021.       -131028.       -73258.7     
  7.30000        74.0000       -359021.       -131028.       -73258.7     
  7.40000        75.0000       -359021.       -131028.       -73258.7     
  7.50000        76.0000       -359021.       -131028.       -73258.7     
  7.60000        77.0000       -359021.       -131028.       -73258.7     
  7.70000        78.0000       -359021.       -131028.       -73258.7     
  7.80000        79.0000       -359021.       -131028.       -73258.7     
  7.90000        80.0000       -359021.       -131028.       -73258.7     
  8.00000        81.0000       -359021.       -131028.       -73258.7     
  8.10000        82.0000       -359021.       -131028.       -73258.7     
  8.20000        83.0000       -359021.       -131028.       -73258.7     
  8.30000        84.0000       -359021.       -131028.       -73258.7     
  8.40000        85.0000       -359021.       -131028.       -73258.7     
  8.50000        86.0000       -359021.       -131028.       -73258.7     
  8.60000        87.0000       -359021.       -131028.       -73258.7     
  8.70000        88.0000       -359021.       -131028.       -73258.7     
  8.80000        89.0000       -359021.       -131028.       -73258.7     
  8.90000        90.0000       -359021.       -131028.       -73258.7     
  9.00000        91.0000       -359021.       -131028.       -73258.7     
  9.10000        92.0000       -359021.       -131028.       -73258.7     
  9.20000        93.0000       -359021.       -131028.       -73258.7     
  9.30000        94.0000       -359021.       -131028.       -73258.7     
  9.40000        95.0000       -359021.       -131028.       -73258.7     
  9.50000        96.0000       -359021.       -131028.       -73258.7     
  9.60000        97.0000       -359021.       -131028.       -73258.7     
  9.70000        98.0000       -359021.       -131028.       -73258.7     
  9.80000        99.0000       -359021.       -131028.       -73258.7     
  9.90000        100.000       -359021.       -131028.       -73258.7     
  10.0000        101.000       -359021.       -131028.       -73258.7     
  10.1000        102.000       -359021.       -131028.       -73258.7     
  10.2000        103.000       -359021.       -131028.       -73258.7     
  10.3000        104.000       -359021.       -131028.       -73258.7     
  10.4000        105.000       -359021.       -131028.       -73258.7     
  10.5000        106.000       -359021.       -131028.       -73258.7     
  10.6000        107.000       -359021.       -131028.       -73258.7     
  10.7000        108.000       -359021.       -131028.       -73258.7     
  10.8000        109.000       -359021.       -131028.       -73258.7     
  10.9000        110.000       -359021.       -131028.       -73258.7     
  11.0000        111.000       -359021.       -131028.       -73258.7     
  11.1000        112.000       -359021.       -131028.       -73258.7     
  11.2000        113.000       -359021.       -131028.       -73258.7     
  11.3000        114.000       -359021.       -131028.       -73258.7     
  11.4000        115.000       -359021.       -131028.       -73258.7     
  11.5000        116.000       -359021.       -131028.       -73258.7     
  11.6000        117.000       -359021.       -131028.       -73258.7     
  11.7000        118.000       -359021.       -131028.       -73258.7     
  11.8000        119.000       -359021.       -131028.       -73258.7     
  11.9000        120.000       -359021.       -131028.       -73258.7     
  12.0000        121.000       -359021.       -131028.       -73258.7     
  12.1000        122.000       -359021.       -131028.       -73258.7     
  12.2000        123.000       -359021.       -131028.       -73258.7     
  12.3000        124.000       -359021.       -131028.       -73258.7     
  12.4000        125.000       -359021.       -131028.       -73258.7     
  12.5000        126.000       -359021.       -131028.       -73258.7     
  12.6000        127.000       -359021.       -131028.       -73258.7     
  12.7000        128.000       -359021.       -131028.       -73258.7     
  12.8000        129.000       -359116.       -41633.0       -73159.5     
  12.9000        130.000       -359116.       -41633.0       -73159.5     
  13.0000        131.000       -359116.       -41633.0       -73159.5     
  13.1000        132.000       -359116.       -41633.0       -73159.5     
  13.2000        133.000       -359116.       -41633.0       -73159.5     
  13.3000        134.000       -359116.       -41633.0       -73159.5     
  13.4000        135.000       -359116.       -41633.0       -73159.5     
  13.5000        136.000       -359116.       -41633.0       -73159.5     
  13.6000        137.000       -359116.       -41633.0       -73159.5     
  13.7000        138.000       -359116.       -41633.0       -73159.5     
  13.8000        139.000       -359116.       -41633.0       -73159.5     
  13.9000        140.000       -359116.       -41633.0       -73159.5     
  14.0000        141.000       -359116.       -41633.0       -73159.5     
  14.1000        142.000       -359116.       -41633.0       -73159.5     
  14.2000        143.000       -359116.       -41633.0       -73159.5     
  14.3000        144.000       -359116.       -41633.0       -73159.5     
  14.4000        145.000       -359116.       -41633.0       -73159.5     
  14.5000        146.000       -359116.       -41633.0       -73159.5     
  14.6000        147.000       -359116.       -41633.0       -73159.5     
  14.7000        148.000       -359116.       -41633.0       -73159.5     
  14.8000        149.000       -359116.       -41633.0       -73159.5     
  14.9000        150.000       -359116.       -41633.0       -73159.5     
  15.0000        151.000       -359116.       -41633.0       -73159.5     
  15.1000        152.000       -359116.       -41633.0       -73159.5     
  15.2000        153.000       -359116.       -41633.0       -73159.5     
  15.3000        154.000       -359116.       -41633.0       -73159.5     
  15.4000        155.000       -359116.       -41633.0       -73159.5     
  15.5000        156.000       -359116.       -41633.0       -73159.5     
  15.6000        157.000       -359116.       -41633.0       -73159.5     
  15.7000        158.000       -359116.       -41633.0       -73159.5     
  15.8000        159.000       -359116.       -41633.0       -73159.5     
  15.9000        160.000       -359738.       -42099.8       -72530.6     
  16.0000        161.000       -359738.       -42099.8       -72530.6     
  16.1000        162.000       -359738.       -42099.8       -72530.6     
  16.2000        163.000       -360243.       -127382.       -72024.9     
  16.3000        164.000       -360243.       -127382.       -72024.9     
  16.4000        165.000       -360307.       -127189.       -71959.5     
  16.5000        166.000       -360263.       -42493.8       -72003.2     
  16.6000        167.000       -360263.       -42493.8       -72003.2     
  16.7000        168.000       -360263.       -42493.8       -72003.2     
  16.8000        169.000       -360263.       -42493.8       -72003.2     
  16.9000        170.000       -360263.       -42493.8       -72003.2     
  17.0000        171.000       -360263.       -42493.8       -72003.2     
  17.1000        172.000       -360263.       -42493.8       -72003.2     
  17.2000        173.000       -360195.       -42442.4       -72072.3     
  17.3000        174.000       -360195.       -42442.4       -72072.3     
  17.4000        175.000       -360195.       -42442.4       -72072.3     
  17.5000        176.000       -360195.       -42442.4       -72072.3     
  17.6000        177.000       -360195.       -42442.4       -72072.3     
  17.7000        178.000       -359994.       -42291.7       -72276.7     
  17.8000        179.000       -359994.       -42291.7       -72276.7     
  17.9000        180.000       -359994.       -42291.7       -72276.7     
  18.0000        181.000       -359994.       -42291.7       -72276.7     
  18.1000        182.000       -359994.       -42291.7       -72276.7     
  18.2000        183.000       -359994.       -42291.7       -72276.7     
  18.3000        184.000       -359994.       -42291.7       -72276.7     
  18.4000        185.000       -359994.       -42291.7       -72276.7     
  18.5000        186.000       -359994.       -42291.7       -72276.7     
  18.6000        187.000       -359994.       -42291.7       -72276.7     
  18.7000        188.000       -359994.       -42291.7       -72276.7     
  18.8000        189.000       -359994.       -42291.7       -72276.7     
  18.9000        190.000       -359994.       -42291.7       -72276.7     
  19.0000        191.000       -359994.       -42291.7       -72276.7     
  19.1000        192.000       -359994.       -42291.7       -72276.7     
  19.2000        193.000       -359994.       -42291.7       -72276.7     
  19.3000        194.000       -359994.       -42291.7       -72276.7     
  19.4000        195.000       -359994.       -42291.7       -72276.7     
  19.5000        196.000       -359994.       -42291.7       -72276.7     
  19.6000        197.000       -359994.       -42291.7       -72276.7     
  19.7000        198.000       -359994.       -42291.7       -72276.7     
  19.8000        199.000       -359994.       -42291.7       -72276.7     
  19.9000        200.000       -359994.       -42291.7       -72276.7     
  20.0000        201.000       -359994.       -42291.7       -72276.7     
  20.1000        202.000       -359994.       -42291.7       -72276.7     
  20.2000        203.000       -359111.       -41629.9       -73170.9     
  20.3000        204.000       -359111.       -41629.9       -73170.9     
  20.4000        205.000       -359148.       -41657.4       -73132.2     
  20.5000        206.000       -359067.       -41596.9       -73208.9     
  20.6000        207.000       -359067.       -41596.9       -73208.9     
  20.7000        208.000       -359067.       -41596.9       -73208.9     
  20.8000        209.000       -359067.       -41596.9       -73208.9     
  20.9000        210.000       -359067.       -41596.9       -73208.9     
  21.0000        211.000       -359067.       -41596.9       -73208.9     
  21.1000        212.000       -358126.       -40890.6       -74149.9     
  21.2000        213.000       -370452.       -50135.7       -61698.5     
  21.3000        214.000       -370808.       -50402.6       -61339.9     
  21.4000        215.000       -370802.       -50397.8       -61346.3     
  21.5000        216.000       -371261.       -74541.3       -60966.4     
  21.6000        217.000       -371261.       -74541.3       -60966.4     
  21.7000        218.000       -371261.       -74541.3       -60966.4     
  21.8000        219.000       -371261.       -74541.3       -60966.4     
  21.9000        220.000       -371261.       -74541.3       -60966.4     
  22.0000        221.000       -371261.       -74541.3       -60966.4     
  22.1000        222.000       -371261.       -66058.8       -60920.8     
  22.2000        223.000       -371261.       -66058.8       -60920.8     
  22.3000        224.000       -371261.       -66058.8       -60920.8     
  22.4000        225.000       -371261.       -66058.8       -60920.8     
  22.5000        226.000       -371261.       -66058.8       -60920.8     
  22.6000        227.000       -371261.       -66058.8       -60920.8     
  22.7000        228.000       -371261.       -66058.8       -60920.8     
  22.8000        229.000       -362256.       -43988.1       -70028.1     
  22.9000        230.000       -362256.       -43988.1       -70028.1     
  23.0000        231.000       -362256.       -43988.1       -70028.1     
  23.1000        232.000       -362256.       -43988.1       -70028.1     
  23.2000        233.000       -362256.       -43988.1       -70028.1     
  23.3000        234.000       -362256.       -43988.1       -70028.1     
  23.4000        235.000       -362256.       -43988.1       -70028.1     
  23.5000        236.000       -362256.       -43988.1       -70028.1     
  23.6000        237.000       -362256.       -43988.1       -70028.1     
  23.7000        238.000       -362256.       -43988.1       -70028.1     
  23.8000        239.000       -362256.       -43988.1       -70028.1     
  23.9000        240.000       -362256.       -43988.1       -70028.1     
  24.0000        241.000       -362256.       -43988.1       -70028.1     
  24.1000        242.000       -362256.       -43988.1       -70028.1     
  24.2000        243.000       -354509.       -38178.3       -77586.9     
  24.3000        244.000       -338436.       -26123.3       -93352.7     
  24.4000        245.000       -338436.       -26123.3       -93352.7     
  24.5000        246.000       -338436.       -26123.3       -93352.7     
  24.6000        247.000       -338436.       -26123.3       -93352.7     
  24.7000        248.000       -338436.       -26123.3       -93352.7     
  24.8000        249.000       -338436.       -26123.3       -93352.7     
  24.9000        250.000       -338436.       -26123.3       -93352.7     
  25.0000        251.000       -338436.       -26123.3       -93352.7     
