|6.6.6
PT_inf_gloss0_2.tab                                                                                 
           1
n,alqt. 
  0.000000000000000E+000
  0.000000000000000E+000
           0
           5
n,alqt.        node#          mu[O2],J/mol   mu[S2],J/mol   mu[C],J/mol   
  0.00000        1.00000       -353463.       -172381.       -85825.4     
 0.100000        2.00000       -357746.       -157451.       -82590.5     
 0.200000        3.00000       -357190.       -161823.       -82054.6     
 0.300000        4.00000       -358471.       -143575.       -80760.4     
 0.400000        5.00000       -358471.       -142324.       -80760.4     
 0.500000        6.00000       -358288.       -158572.       -80951.8     
 0.600000        7.00000       -358288.       -158572.       -80951.8     
 0.700000        8.00000       -358288.       -158572.       -80951.8     
 0.800000        9.00000       -358288.       -158572.       -80951.8     
 0.900000        10.0000       -358288.       -158572.       -80951.8     
  1.00000        11.0000       -358288.       -158572.       -80951.8     
  1.10000        12.0000       -358288.       -158572.       -80951.8     
  1.20000        13.0000       -358288.       -158572.       -80951.8     
  1.30000        14.0000       -358288.       -158572.       -80951.8     
  1.40000        15.0000       -358288.       -158572.       -80951.8     
  1.50000        16.0000       -358288.       -158572.       -80951.8     
  1.60000        17.0000       -358288.       -158572.       -80951.8     
  1.70000        18.0000       -358288.       -158572.       -80951.8     
  1.80000        19.0000       -358288.       -158572.       -80951.8     
  1.90000        20.0000       -358288.       -158572.       -80951.8     
  2.00000        21.0000       -358288.       -158572.       -80951.8     
  2.10000        22.0000       -358288.       -158572.       -80951.8     
  2.20000        23.0000       -358288.       -158572.       -80951.8     
  2.30000        24.0000       -358288.       -158572.       -80951.8     
  2.40000        25.0000       -358288.       -158572.       -80951.8     
  2.50000        26.0000       -358288.       -158572.       -80951.8     
  2.60000        27.0000       -358288.       -158572.       -80951.8     
  2.70000        28.0000       -358288.       -158572.       -80951.8     
  2.80000        29.0000       -358288.       -158572.       -80951.8     
  2.90000        30.0000       -358288.       -158572.       -80951.8     
  3.00000        31.0000       -358288.       -158572.       -80951.8     
  3.10000        32.0000       -358288.       -158572.       -80951.8     
  3.20000        33.0000       -358288.       -158572.       -80951.8     
  3.30000        34.0000       -358288.       -158572.       -80951.8     
  3.40000        35.0000       -358288.       -158572.       -80951.8     
  3.50000        36.0000       -358288.       -158572.       -80951.8     
  3.60000        37.0000       -358288.       -158572.       -80951.8     
  3.70000        38.0000       -358288.       -158572.       -80951.8     
  3.80000        39.0000       -358288.       -158572.       -80951.8     
  3.90000        40.0000       -358288.       -158572.       -80951.8     
  4.00000        41.0000       -358288.       -158572.       -80951.8     
  4.10000        42.0000       -358288.       -158572.       -80951.8     
  4.20000        43.0000       -358288.       -158572.       -80951.8     
  4.30000        44.0000       -358288.       -158572.       -80951.8     
  4.40000        45.0000       -358288.       -158572.       -80951.8     
  4.50000        46.0000       -358288.       -158572.       -80951.8     
  4.60000        47.0000       -358288.       -158572.       -80951.8     
  4.70000        48.0000       -358288.       -158572.       -80951.8     
  4.80000        49.0000       -358288.       -158572.       -80951.8     
  4.90000        50.0000       -358288.       -158572.       -80951.8     
  5.00000        51.0000       -358288.       -158572.       -80951.8     
  5.10000        52.0000       -358288.       -158572.       -80951.8     
  5.20000        53.0000       -358288.       -158572.       -80951.8     
  5.30000        54.0000       -358288.       -158572.       -80951.8     
  5.40000        55.0000       -358288.       -158572.       -80951.8     
  5.50000        56.0000       -358288.       -158572.       -80951.8     
  5.60000        57.0000       -358288.       -158572.       -80951.8     
  5.70000        58.0000       -358288.       -158572.       -80951.8     
  5.80000        59.0000       -358288.       -158572.       -80951.8     
  5.90000        60.0000       -358288.       -158572.       -80951.8     
  6.00000        61.0000       -358288.       -158572.       -80951.8     
  6.10000        62.0000       -358195.       -137572.       -81049.5     
  6.20000        63.0000       -358208.       -158832.       -81036.0     
  6.30000        64.0000       -358208.       -158832.       -81036.0     
  6.40000        65.0000       -358208.       -158832.       -81036.0     
  6.50000        66.0000       -358208.       -158832.       -81036.0     
  6.60000        67.0000       -358208.       -158832.       -81036.0     
  6.70000        68.0000       -358208.       -158832.       -81036.0     
  6.80000        69.0000       -358208.       -158832.       -81036.0     
  6.90000        70.0000       -358208.       -158832.       -81036.0     
  7.00000        71.0000       -358208.       -158832.       -81036.0     
  7.10000        72.0000       -358208.       -158832.       -81036.0     
  7.20000        73.0000       -358208.       -158832.       -81036.0     
  7.30000        74.0000       -358208.       -158832.       -81036.1     
  7.40000        75.0000       -358208.       -158832.       -81036.1     
  7.50000        76.0000       -358208.       -158832.       -81036.1     
  7.60000        77.0000       -358208.       -158832.       -81036.1     
  7.70000        78.0000       -358208.       -158832.       -81036.1     
  7.80000        79.0000       -358208.       -158832.       -81036.1     
  7.90000        80.0000       -358208.       -158832.       -81036.1     
  8.00000        81.0000       -358208.       -158832.       -81036.1     
  8.10000        82.0000       -358208.       -158832.       -81036.1     
  8.20000        83.0000       -358208.       -158832.       -81036.1     
  8.30000        84.0000       -358208.       -158832.       -81036.1     
  8.40000        85.0000       -358208.       -158832.       -81036.1     
  8.50000        86.0000       -358208.       -158832.       -81036.1     
  8.60000        87.0000       -358208.       -158832.       -81036.1     
  8.70000        88.0000       -358208.       -158832.       -81036.1     
  8.80000        89.0000       -358208.       -158832.       -81036.1     
  8.90000        90.0000       -358208.       -158832.       -81036.1     
  9.00000        91.0000       -358208.       -158832.       -81036.1     
  9.10000        92.0000       -358208.       -158832.       -81036.1     
  9.20000        93.0000       -358208.       -158832.       -81036.1     
  9.30000        94.0000       -358208.       -158832.       -81036.1     
  9.40000        95.0000       -358208.       -158832.       -81036.1     
  9.50000        96.0000       -358208.       -158832.       -81036.1     
  9.60000        97.0000       -358208.       -158832.       -81036.1     
  9.70000        98.0000       -358208.       -158832.       -81036.1     
  9.80000        99.0000       -358208.       -158832.       -81036.1     
  9.90000        100.000       -358208.       -158832.       -81036.1     
  10.0000        101.000       -358208.       -158832.       -81036.1     
  10.1000        102.000       -358208.       -158832.       -81036.1     
  10.2000        103.000       -358288.       -158593.       -80955.3     
  10.3000        104.000       -358288.       -158593.       -80955.3     
  10.4000        105.000       -358288.       -158593.       -80955.3     
  10.5000        106.000       -358288.       -158593.       -80955.3     
  10.6000        107.000       -358288.       -158593.       -80955.3     
  10.7000        108.000       -358310.       -158528.       -80933.3     
  10.8000        109.000       -358310.       -158528.       -80933.3     
  10.9000        110.000       -358310.       -158528.       -80933.3     
  11.0000        111.000       -358427.       -158177.       -80814.8     
  11.1000        112.000       -358427.       -158177.       -80814.8     
  11.2000        113.000       -358427.       -158177.       -80814.8     
  11.3000        114.000       -358427.       -158177.       -80814.8     
  11.4000        115.000       -358427.       -158177.       -80814.8     
  11.5000        116.000       -358427.       -158177.       -80814.8     
  11.6000        117.000       -358427.       -158177.       -80814.8     
  11.7000        118.000       -358427.       -158177.       -80814.8     
  11.8000        119.000       -358427.       -158177.       -80814.8     
  11.9000        120.000       -358724.       -157290.       -80515.5     
  12.0000        121.000       -358724.       -157290.       -80515.5     
  12.1000        122.000       -358724.       -157290.       -80515.5     
  12.2000        123.000       -358724.       -157290.       -80515.5     
  12.3000        124.000       -358731.       -157268.       -80507.8     
  12.4000        125.000       -358731.       -157268.       -80507.8     
  12.5000        126.000       -358731.       -157268.       -80507.8     
  12.6000        127.000       -358982.       -156518.       -80254.9     
  12.7000        128.000       -358982.       -156518.       -80254.9     
  12.8000        129.000       -358982.       -156518.       -80254.9     
  12.9000        130.000       -358982.       -156518.       -80254.9     
  13.0000        131.000       -358982.       -156518.       -80254.9     
  13.1000        132.000       -358982.       -156518.       -80254.9     
  13.2000        133.000       -358982.       -156518.       -80254.9     
  13.3000        134.000       -358982.       -156518.       -80254.9     
  13.4000        135.000       -358982.       -156518.       -80254.9     
  13.5000        136.000       -359012.       -156428.       -80224.4     
  13.6000        137.000       -359012.       -156428.       -80224.4     
  13.7000        138.000       -359012.       -156428.       -80224.4     
  13.8000        139.000       -359153.       -156008.       -80082.6     
  13.9000        140.000       -359153.       -156008.       -80082.6     
  14.0000        141.000       -359153.       -156008.       -80082.6     
  14.1000        142.000       -359153.       -156008.       -80082.6     
  14.2000        143.000       -359511.       -154938.       -79720.9     
  14.3000        144.000       -359511.       -154938.       -79720.9     
  14.4000        145.000       -359526.       -154894.       -79706.1     
  14.5000        146.000       -359526.       -154894.       -79706.1     
  14.6000        147.000       -359526.       -154894.       -79706.1     
  14.7000        148.000       -359526.       -154894.       -79706.1     
  14.8000        149.000       -359526.       -154894.       -79706.1     
  14.9000        150.000       -359526.       -154894.       -79706.1     
  15.0000        151.000       -359526.       -154894.       -79706.1     
  15.1000        152.000       -359526.       -154894.       -79706.1     
  15.2000        153.000       -359526.       -154894.       -79706.1     
  15.3000        154.000       -359526.       -154894.       -79706.1     
  15.4000        155.000       -359575.       -154747.       -79656.5     
  15.5000        156.000       -359575.       -154747.       -79656.5     
  15.6000        157.000       -359697.       -154382.       -79533.3     
  15.7000        158.000       -359697.       -154382.       -79533.3     
  15.8000        159.000       -359697.       -154382.       -79533.3     
  15.9000        160.000       -359697.       -154382.       -79533.3     
  16.0000        161.000       -359990.       -153505.       -79236.9     
  16.1000        162.000       -359990.       -153505.       -79236.9     
  16.2000        163.000       -360058.       -153301.       -79168.1     
  16.3000        164.000       -360058.       -153301.       -79168.1     
  16.4000        165.000       -360058.       -153301.       -79168.1     
  16.5000        166.000       -360058.       -153301.       -79168.1     
  16.6000        167.000       -360058.       -153301.       -79168.1     
  16.7000        168.000       -360058.       -153301.       -79168.1     
  16.8000        169.000       -360058.       -153301.       -79168.1     
  16.9000        170.000       -360058.       -153301.       -79168.1     
  17.0000        171.000       -360581.       -149188.       -78640.5     
  17.1000        172.000       -360581.       -149188.       -78640.5     
  17.2000        173.000       -361008.       -146102.       -78208.8     
  17.3000        174.000       -361093.       -144911.       -78122.9     
  17.4000        175.000       -361093.       -144911.       -78122.9     
  17.5000        176.000       -360581.       -145516.       -78640.5     
  17.6000        177.000       -361729.       -140972.       -77481.0     
  17.7000        178.000       -361597.       -141346.       -77614.5     
  17.8000        179.000       -361597.       -141346.       -77614.5     
  17.9000        180.000       -361597.       -141346.       -77614.5     
  18.0000        181.000       -361597.       -141346.       -77614.5     
  18.1000        182.000       -361597.       -141346.       -77614.5     
  18.2000        183.000       -361597.       -141346.       -77614.5     
  18.3000        184.000       -361597.       -141346.       -77614.5     
  18.4000        185.000       -363120.       -135555.       -76076.9     
  18.5000        186.000       -331898.       -24899.2       -106633.     
  18.6000        187.000       -371629.       -105447.       -67482.2     
  18.7000        188.000       -371635.       -105224.       -67475.8     
  18.8000        189.000       -371623.       -103396.       -67487.8     
  18.9000        190.000       -371618.       -100923.       -67598.1     
  19.0000        191.000       -371623.       -100177.       -67588.3     
  19.1000        192.000       -371623.       -100177.       -67588.3     
  19.2000        193.000       -371623.       -100177.       -67588.3     
  19.3000        194.000       -371623.       -100177.       -67588.3     
  19.4000        195.000       -371623.       -100177.       -67588.3     
  19.5000        196.000       -371623.       -100177.       -67588.3     
  19.6000        197.000       -371623.       -100177.       -67588.3     
  19.7000        198.000       -371623.       -100177.       -67588.3     
  19.8000        199.000       -371623.       -100177.       -67588.3     
  19.9000        200.000       -371623.       -100177.       -67588.3     
  20.0000        201.000       -371623.       -100177.       -67588.3     
  20.1000        202.000       -371623.       -100177.       -67588.3     
  20.2000        203.000       -371623.       -100177.       -67588.3     
  20.3000        204.000       -371623.       -100177.       -67588.3     
  20.4000        205.000       -371623.       -100177.       -67588.3     
  20.5000        206.000       -371623.       -100177.       -67588.3     
  20.6000        207.000       -371623.       -100177.       -67588.3     
  20.7000        208.000       -371623.       -100177.       -67588.3     
  20.8000        209.000       -371623.       -99854.6       -67481.6     
  20.9000        210.000       -371624.       -90112.3       -64262.0     
  21.0000        211.000       -371624.       -90112.3       -64262.0     
  21.1000        212.000       -371624.       -90112.3       -64262.0     
  21.2000        213.000       -371624.       -90112.3       -64262.0     
  21.3000        214.000       -365692.       -50245.2       -73534.2     
  21.4000        215.000       -365692.       -50245.2       -73534.2     
  21.5000        216.000       -365406.       -50030.5       -73821.9     
  21.6000        217.000       -362438.       -47804.3       -76805.6     
  21.7000        218.000       -363620.       -48690.9       -75243.6     
  21.8000        219.000       -361552.       -47140.0       -77069.7     
  21.9000        220.000       -361391.       -47019.3       -77131.7     
  22.0000        221.000       -361062.       -46772.2       -77198.0     
  22.1000        222.000       -362402.       -47777.4       -76821.4     
  22.2000        223.000       -358592.       -44919.8       -79306.0     
  22.3000        224.000       -347335.       -36477.1       -89840.6     
  22.4000        225.000       -346997.       -36223.7       -89817.9     
  22.5000        226.000       -336172.       -28105.0       -100043.     
  22.6000        227.000       -335961.       -27946.7       -99894.8     
  22.7000        228.000       -335906.       -27905.8       -99843.2     
  22.8000        229.000       -335913.       -27910.8       -99847.9     
  22.9000        230.000       -335920.       -27915.7       -99851.4     
  23.0000        231.000       -335798.       -27824.3       -99761.2     
  23.1000        232.000       -335692.       -27745.1       -99685.3     
  23.2000        233.000       -335686.       -27740.3       -99680.8     
  23.3000        234.000       -335686.       -27740.3       -99680.8     
  23.4000        235.000       -335686.       -27740.3       -99680.8     
  23.5000        236.000       -335686.       -27740.3       -99680.8     
  23.6000        237.000       -335686.       -27740.3       -99680.8     
  23.7000        238.000       -335686.       -27740.3       -99680.8     
  23.8000        239.000       -335686.       -27740.3       -99680.8     
  23.9000        240.000       -328309.       -22207.4       -107213.     
  24.0000        241.000       -328309.       -22207.4       -107213.     
  24.1000        242.000       -328309.       -22207.4       -107213.     
  24.2000        243.000       -325302.       -19952.8       -110270.     
  24.3000        244.000       -325302.       -19952.8       -110270.     
  24.4000        245.000       -325302.       -19952.8       -110270.     
  24.5000        246.000       -325302.       -19952.8       -110270.     
  24.6000        247.000       -325302.       -19952.8       -110270.     
  24.7000        248.000       -325302.       -19952.8       -110270.     
  24.8000        249.000       -323480.       -18586.3       -112121.     
  24.9000        250.000       -323480.       -18586.3       -112121.     
  25.0000        251.000       -323480.       -18586.3       -112121.     
