|6.6.6
inf_a/graphite/build/PT_inf_graphite8_1.tab                                                         
           1
n,alqt. 
   2.1219957929415349E-314
   2.1219957929415349E-314
   257951120
           3
n,alqt.        node#          mu[O2],J/mol  
  0.00000        1.00000       -358559.     
 0.100000        2.00000       -358559.     
 0.200000        3.00000       -358559.     
 0.300000        4.00000       -358559.     
 0.400000        5.00000       -358559.     
 0.500000        6.00000       -358559.     
 0.600000        7.00000       -358559.     
 0.700000        8.00000       -358559.     
 0.800000        9.00000       -358559.     
 0.900000        10.0000       -358559.     
  1.00000        11.0000       -358559.     
  1.10000        12.0000       -358559.     
  1.20000        13.0000       -358559.     
  1.30000        14.0000       -358559.     
  1.40000        15.0000       -358559.     
  1.50000        16.0000       -358559.     
  1.60000        17.0000       -358559.     
  1.70000        18.0000       -358559.     
  1.80000        19.0000       -358559.     
  1.90000        20.0000       -358559.     
  2.00000        21.0000       -358559.     
  2.10000        22.0000       -358559.     
  2.20000        23.0000       -358559.     
  2.30000        24.0000       -358559.     
  2.40000        25.0000       -358559.     
  2.50000        26.0000       -358559.     
  2.60000        27.0000       -358559.     
  2.70000        28.0000       -358559.     
  2.80000        29.0000       -358559.     
  2.90000        30.0000       -358559.     
  3.00000        31.0000       -358559.     
  3.10000        32.0000       -358559.     
  3.20000        33.0000       -358559.     
  3.30000        34.0000       -358559.     
  3.40000        35.0000       -358559.     
  3.50000        36.0000       -358559.     
  3.60000        37.0000       -358559.     
  3.70000        38.0000       -358559.     
  3.80000        39.0000       -358559.     
  3.90000        40.0000       -358559.     
  4.00000        41.0000       -358559.     
  4.10000        42.0000       -358559.     
  4.20000        43.0000       -358559.     
  4.30000        44.0000       -358859.     
  4.40000        45.0000       -358859.     
  4.50000        46.0000       -358869.     
  4.60000        47.0000       -358869.     
  4.70000        48.0000       -359253.     
  4.80000        49.0000       -359253.     
  4.90000        50.0000       -359317.     
  5.00000        51.0000       -359386.     
  5.10000        52.0000       -359479.     
  5.20000        53.0000       -359641.     
  5.30000        54.0000       -359623.     
  5.40000        55.0000       -359717.     
  5.50000        56.0000       -359893.     
  5.60000        57.0000       -359893.     
  5.70000        58.0000       -360023.     
  5.80000        59.0000       -360023.     
  5.90000        60.0000       -360023.     
  6.00000        61.0000       -360240.     
  6.10000        62.0000       -360391.     
  6.20000        63.0000       -360391.     
  6.30000        64.0000       -360391.     
  6.40000        65.0000       -360476.     
  6.50000        66.0000       -360754.     
  6.60000        67.0000       -360762.     
  6.70000        68.0000       -360856.     
  6.80000        69.0000       -360879.     
  6.90000        70.0000       -361137.     
  7.00000        71.0000       -361137.     
  7.10000        72.0000       -361358.     
  7.20000        73.0000       -361498.     
  7.30000        74.0000       -361519.     
  7.40000        75.0000       -361829.     
  7.50000        76.0000       -361854.     
  7.60000        77.0000       -361854.     
  7.70000        78.0000       -362205.     
  7.80000        79.0000       -361498.     
  7.90000        80.0000       -362025.     
  8.00000        81.0000       -362092.     
  8.10000        82.0000       -362649.     
  8.20000        83.0000       -362710.     
  8.30000        84.0000       -363259.     
  8.40000        85.0000       -363581.     
  8.50000        86.0000       -363722.     
  8.60000        87.0000       -363892.     
  8.70000        88.0000       -364404.     
  8.80000        89.0000       -364464.     
  8.90000        90.0000       -364993.     
  9.00000        91.0000       -365177.     
  9.10000        92.0000       -365575.     
  9.20000        93.0000       -365912.     
  9.30000        94.0000       -366150.     
  9.40000        95.0000       -366637.     
  9.50000        96.0000       -366748.     
  9.60000        97.0000       -367215.     
  9.70000        98.0000       -367310.     
  9.80000        99.0000       -367836.     
  9.90000        100.000       -367894.     
  10.0000        101.000       -368197.     
  10.1000        102.000       -368443.     
  10.2000        103.000       -368888.     
  10.3000        104.000       -369014.     
  10.4000        105.000       -369522.     
  10.5000        106.000       -369683.     
  10.6000        107.000       -370109.     
  10.7000        108.000       -370165.     
  10.8000        109.000       -370662.     
  10.9000        110.000       -370717.     
  11.0000        111.000       -371154.     
  11.1000        112.000       -371291.     
  11.2000        113.000       -371803.     
  11.3000        114.000       -371914.     
  11.4000        115.000       -372365.     
  11.5000        116.000       -372636.     
  11.6000        117.000       -372902.     
  11.7000        118.000       -373141.     
  11.8000        119.000       -373469.     
  11.9000        120.000       -373548.     
  12.0000        121.000       -374110.     
  12.1000        122.000       -374198.     
  12.2000        123.000       -374198.     
  12.3000        124.000       -374198.     
  12.4000        125.000       -374198.     
  12.5000        126.000       -374194.     
  12.6000        127.000       -374198.     
  12.7000        128.000       -374198.     
  12.8000        129.000       -374198.     
  12.9000        130.000       -374198.     
  13.0000        131.000       -374198.     
  13.1000        132.000       -374183.     
  13.2000        133.000       -374183.     
  13.3000        134.000       -374183.     
  13.4000        135.000       -374183.     
  13.5000        136.000       -374183.     
  13.6000        137.000       -374183.     
  13.7000        138.000       -374183.     
  13.8000        139.000       -374183.     
  13.9000        140.000       -374186.     
  14.0000        141.000       -374186.     
  14.1000        142.000       -374194.     
  14.2000        143.000       -374194.     
  14.3000        144.000       -374194.     
  14.4000        145.000       -374194.     
  14.5000        146.000       -374194.     
  14.6000        147.000       -374194.     
  14.7000        148.000       -374194.     
  14.8000        149.000       -374194.     
  14.9000        150.000       -374194.     
  15.0000        151.000       -374194.     
  15.1000        152.000       -374194.     
  15.2000        153.000       -374198.     
  15.3000        154.000       -374198.     
  15.4000        155.000       -374198.     
  15.5000        156.000       -374198.     
  15.6000        157.000       -374198.     
  15.7000        158.000       -374198.     
  15.8000        159.000       -374198.     
  15.9000        160.000       -374198.     
  16.0000        161.000       -374198.     
  16.1000        162.000       -374198.     
  16.2000        163.000       -374198.     
  16.3000        164.000       -374198.     
  16.4000        165.000       -374198.     
  16.5000        166.000       -374198.     
  16.6000        167.000       -374198.     
  16.7000        168.000       -374198.     
  16.8000        169.000       -374198.     
  16.9000        170.000       -374198.     
  17.0000        171.000       -374183.     
  17.1000        172.000       -374183.     
  17.2000        173.000       -374183.     
  17.3000        174.000       -374183.     
  17.4000        175.000       -374183.     
  17.5000        176.000       -374183.     
  17.6000        177.000       -374183.     
  17.7000        178.000       -374183.     
  17.8000        179.000       -374190.     
  17.9000        180.000       -374194.     
  18.0000        181.000       -374194.     
  18.1000        182.000       -374194.     
  18.2000        183.000       -374194.     
  18.3000        184.000       -374194.     
  18.4000        185.000       -374194.     
  18.5000        186.000       -374194.     
  18.6000        187.000       -374194.     
  18.7000        188.000       -374779.     
  18.8000        189.000       -374830.     
  18.9000        190.000       -374170.     
  19.0000        191.000       -375015.     
  19.1000        192.000       -374160.     
  19.2000        193.000       -374161.     
  19.3000        194.000       -375955.     
  19.4000        195.000       -374156.     
  19.5000        196.000       -376402.     
  19.6000        197.000       -375677.     
  19.7000        198.000       -374361.     
  19.8000        199.000       -377058.     
  19.9000        200.000       -374706.     
  20.0000        201.000       -377879.     
  20.1000        202.000       -377683.     
  20.2000        203.000       -377777.     
  20.3000        204.000       -378096.     
  20.4000        205.000       -375059.     
  20.5000        206.000       -375264.     
  20.6000        207.000       -375287.     
  20.7000        208.000       -375287.     
  20.8000        209.000       -375546.     
  20.9000        210.000       -375546.     
  21.0000        211.000       -379751.     
  21.1000        212.000       -379999.     
  21.2000        213.000       -375752.     
  21.3000        214.000       -375902.     
  21.4000        215.000       -380832.     
  21.5000        216.000       -380966.     
  21.6000        217.000       -376149.     
  21.7000        218.000       -381827.     
  21.8000        219.000       -376157.     
  21.9000        220.000       -382880.     
  22.0000        221.000       -376422.     
  22.1000        222.000       -387783.     
  22.2000        223.000       -383944.     
  22.3000        224.000       -383238.     
  22.4000        225.000       -383823.     
  22.5000        226.000       -376811.     
  22.6000        227.000       -393863.     
  22.7000        228.000       -383930.     
  22.8000        229.000       -384462.     
  22.9000        230.000       -395324.     
  23.0000        231.000       -384854.     
  23.1000        232.000       -385923.     
  23.2000        233.000       -396876.     
  23.3000        234.000       -397667.     
  23.4000        235.000       -398180.     
  23.5000        236.000       -389341.     
  23.6000        237.000       -399580.     
  23.7000        238.000       -400125.     
  23.8000        239.000       -401150.     
  23.9000        240.000       -401788.     
  24.0000        241.000       -402579.     
  24.1000        242.000       -403725.     
  24.2000        243.000       -404702.     
  24.3000        244.000       -405517.     
  24.4000        245.000       -407105.     
  24.5000        246.000       -408343.     
  24.6000        247.000       -409808.     
  24.7000        248.000       -410778.     
  24.8000        249.000       -410834.     
  24.9000        250.000       -411052.     
  25.0000        251.000       -411052.     
  25.1000        252.000       -411109.     
  25.2000        253.000       -411298.     
  25.3000        254.000       -411382.     
  25.4000        255.000       -411382.     
  25.5000        256.000       -408121.     
  25.6000        257.000       -408204.     
  25.7000        258.000       -408204.     
  25.8000        259.000       -408204.     
  25.9000        260.000       -408190.     
  26.0000        261.000       -408775.     
  26.1000        262.000       -410082.     
  26.2000        263.000       -411272.     
  26.3000        264.000       -412093.     
  26.4000        265.000       -412093.     
  26.5000        266.000       -412192.     
  26.6000        267.000       -412192.     
  26.7000        268.000       -412445.     
  26.8000        269.000       -412458.     
  26.9000        270.000       -412458.     
  27.0000        271.000       -412699.     
  27.1000        272.000       -412721.     
  27.2000        273.000       -412794.     
  27.3000        274.000       -412794.     
  27.4000        275.000       -412983.     
  27.5000        276.000       -412983.     
  27.6000        277.000       -413141.     
  27.7000        278.000       -413244.     
  27.8000        279.000       -413244.     
  27.9000        280.000       -413320.     
  28.0000        281.000       -413484.     
  28.1000        282.000       -413502.     
  28.2000        283.000       -413502.     
  28.3000        284.000       -413759.     
  28.4000        285.000       -413759.     
  28.5000        286.000       -413811.     
  28.6000        287.000       -413824.     
  28.7000        288.000       -414014.     
  28.8000        289.000       -414014.     
  28.9000        290.000       -414162.     
  29.0000        291.000       -414268.     
  29.1000        292.000       -414268.     
  29.2000        293.000       -414296.     
  29.3000        294.000       -414497.     
  29.4000        295.000       -414520.     
  29.5000        296.000       -414520.     
  29.6000        297.000       -414770.     
  29.7000        298.000       -414772.     
  29.8000        299.000       -414829.     
  29.9000        300.000       -415018.     
  30.0000        301.000       -415018.     
  30.1000        302.000       -415158.     
  30.2000        303.000       -415158.     
  30.3000        304.000       -415265.     
  30.4000        305.000       -415265.     
  30.5000        306.000       -415485.     
  30.6000        307.000       -415511.     
  30.7000        308.000       -415511.     
  30.8000        309.000       -415720.     
  30.9000        310.000       -415755.     
  31.0000        311.000       -415809.     
  31.1000        312.000       -415809.     
  31.2000        313.000       -415998.     
  31.3000        314.000       -415998.     
  31.4000        315.000       -416130.     
  31.5000        316.000       -416239.     
  31.6000        317.000       -416239.     
  31.7000        318.000       -416449.     
  31.8000        319.000       -416449.     
  31.9000        320.000       -416478.     
  32.0000        321.000       -416645.     
  32.1000        322.000       -416716.     
  32.2000        323.000       -416716.     
  32.3000        324.000       -416766.     
  32.4000        325.000       -416953.     
  32.5000        326.000       -416953.     
  32.6000        327.000       -417080.     
  32.7000        328.000       -417100.     
  32.8000        329.000       -417189.     
  32.9000        330.000       -417242.     
  33.0000        331.000       -417585.     
  33.1000        332.000       -417890.     
  33.2000        333.000       -418280.     
  33.3000        334.000       -418688.     
  33.4000        335.000       -418835.     
  33.5000        336.000       -418835.     
  33.6000        337.000       -418835.     
  33.7000        338.000       -418835.     
  33.8000        339.000       -418818.     
  33.9000        340.000       -418818.     
  34.0000        341.000       -418818.     
  34.1000        342.000       -418818.     
  34.2000        343.000       -418818.     
  34.3000        344.000       -418818.     
  34.4000        345.000       -418818.     
  34.5000        346.000       -418818.     
  34.6000        347.000       -418818.     
  34.7000        348.000       -418818.     
  34.8000        349.000       -418818.     
  34.9000        350.000       -418818.     
  35.0000        351.000       -418818.     
  35.1000        352.000       -418818.     
  35.2000        353.000       -418818.     
  35.3000        354.000       -418818.     
  35.4000        355.000       -418818.     
  35.5000        356.000       -418818.     
  35.6000        357.000       -418818.     
  35.7000        358.000       -418812.     
  35.8000        359.000       -419062.     
  35.9000        360.000       -419298.     
  36.0000        361.000       -419760.     
  36.1000        362.000       -419997.     
  36.2000        363.000       -420333.     
  36.3000        364.000       -420906.     
  36.4000        365.000       -421148.     
  36.5000        366.000       -421507.     
  36.6000        367.000       -421931.     
  36.7000        368.000       -422309.     
  36.8000        369.000       -422643.     
  36.9000        370.000       -423025.     
  37.0000        371.000       -423564.     
  37.1000        372.000       -423953.     
  37.2000        373.000       -424338.     
  37.3000        374.000       -424801.     
  37.4000        375.000       -425228.     
  37.5000        376.000       -425754.     
  37.6000        377.000       -426223.     
  37.7000        378.000       -426622.     
  37.8000        379.000       -427161.     
  37.9000        380.000       -427634.     
  38.0000        381.000       -428118.     
  38.1000        382.000       -428777.     
  38.2000        383.000       -429249.     
  38.3000        384.000       -429738.     
  38.4000        385.000       -430363.     
  38.5000        386.000       -430950.     
  38.6000        387.000       -431422.     
  38.7000        388.000       -432194.     
  38.8000        389.000       -432726.     
  38.9000        390.000       -433285.     
  39.0000        391.000       -434101.     
  39.1000        392.000       -434699.     
  39.2000        393.000       -435317.     
  39.3000        394.000       -435852.     
  39.4000        395.000       -436609.     
  39.5000        396.000       -436965.     
  39.6000        397.000       -436965.     
  39.7000        398.000       -436963.     
  39.8000        399.000       -436963.     
  39.9000        400.000       -436963.     
  40.0000        401.000       -436963.     
  40.1000        402.000       -436963.     
  40.2000        403.000       -436962.     
  40.3000        404.000       -436961.     
  40.4000        405.000       -436961.     
  40.5000        406.000       -436961.     
  40.6000        407.000       -436961.     
  40.7000        408.000       -436959.     
  40.8000        409.000       -436957.     
  40.9000        410.000       -436957.     
  41.0000        411.000       -436957.     
  41.1000        412.000       -436957.     
  41.2000        413.000       -436957.     
  41.3000        414.000       -436957.     
  41.4000        415.000       -436957.     
  41.5000        416.000       -436957.     
  41.6000        417.000       -436957.     
  41.7000        418.000       -436956.     
  41.8000        419.000       -436954.     
  41.9000        420.000       -436952.     
  42.0000        421.000       -436952.     
  42.1000        422.000       -436952.     
  42.2000        423.000       -436952.     
  42.3000        424.000       -436952.     
  42.4000        425.000       -436952.     
  42.5000        426.000       -436952.     
  42.6000        427.000       -436952.     
  42.7000        428.000       -436950.     
  42.8000        429.000       -436948.     
  42.9000        430.000       -436948.     
  43.0000        431.000       -436948.     
  43.1000        432.000       -436948.     
  43.2000        433.000       -436948.     
  43.3000        434.000       -436948.     
  43.4000        435.000       -436946.     
  43.5000        436.000       -436946.     
  43.6000        437.000       -436946.     
  43.7000        438.000       -436946.     
  43.8000        439.000       -436945.     
  43.9000        440.000       -436944.     
  44.0000        441.000       -436944.     
  44.1000        442.000       -436944.     
  44.2000        443.000       -436944.     
  44.3000        444.000       -436941.     
  44.4000        445.000       -436940.     
  44.5000        446.000       -436940.     
  44.6000        447.000       -436940.     
  44.7000        448.000       -436940.     
  44.8000        449.000       -436940.     
  44.9000        450.000       -436940.     
  45.0000        451.000       -436940.     
  45.1000        452.000       -436940.     
  45.2000        453.000       -436940.     
  45.3000        454.000       -436940.     
  45.4000        455.000       -436935.     
  45.5000        456.000       -436935.     
  45.6000        457.000       -436935.     
  45.7000        458.000       -436935.     
  45.8000        459.000       -436934.     
  45.9000        460.000       -436934.     
  46.0000        461.000       -436934.     
  46.1000        462.000       -436934.     
  46.2000        463.000       -436934.     
  46.3000        464.000       -436934.     
  46.4000        465.000       -436932.     
  46.5000        466.000       -436931.     
  46.6000        467.000       -436931.     
  46.7000        468.000       -436931.     
  46.8000        469.000       -436931.     
  46.9000        470.000       -436930.     
  47.0000        471.000       -436929.     
  47.1000        472.000       -436929.     
  47.2000        473.000       -436929.     
  47.3000        474.000       -436929.     
  47.4000        475.000       -436927.     
  47.5000        476.000       -436927.     
  47.6000        477.000       -436927.     
  47.7000        478.000       -436927.     
  47.8000        479.000       -436927.     
  47.9000        480.000       -436927.     
  48.0000        481.000       -436923.     
  48.1000        482.000       -436923.     
  48.2000        483.000       -436923.     
  48.3000        484.000       -436923.     
  48.4000        485.000       -436923.     
  48.5000        486.000       -436923.     
  48.6000        487.000       -436922.     
  48.7000        488.000       -436922.     
  48.8000        489.000       -436922.     
  48.9000        490.000       -436921.     
  49.0000        491.000       -436920.     
  49.1000        492.000       -436918.     
  49.2000        493.000       -436918.     
  49.3000        494.000       -436918.     
  49.4000        495.000       -436917.     
  49.5000        496.000       -436917.     
  49.6000        497.000       -436917.     
  49.7000        498.000       -436917.     
  49.8000        499.000       -436917.     
  49.9000        500.000       -436915.     
  50.0000        501.000       -436915.     
