|6.6.6
inf_a/graphite/build/PT_inf_graphite23_1.tab                                                        
           1
n,alqt. 
   2.1219957929415349E-314
   2.1219957929415349E-314
  1299187424
           3
n,alqt.        node#          mu[O2],J/mol  
  0.00000        1.00000       -359005.     
 0.100000        2.00000       -358708.     
 0.200000        3.00000       -358708.     
 0.300000        4.00000       -358708.     
 0.400000        5.00000       -358708.     
 0.500000        6.00000       -358708.     
 0.600000        7.00000       -358708.     
 0.700000        8.00000       -358708.     
 0.800000        9.00000       -358708.     
 0.900000        10.0000       -358708.     
  1.00000        11.0000       -358708.     
  1.10000        12.0000       -358708.     
  1.20000        13.0000       -358708.     
  1.30000        14.0000       -358708.     
  1.40000        15.0000       -358708.     
  1.50000        16.0000       -358708.     
  1.60000        17.0000       -358708.     
  1.70000        18.0000       -358708.     
  1.80000        19.0000       -358708.     
  1.90000        20.0000       -358708.     
  2.00000        21.0000       -358708.     
  2.10000        22.0000       -358708.     
  2.20000        23.0000       -358708.     
  2.30000        24.0000       -358708.     
  2.40000        25.0000       -358708.     
  2.50000        26.0000       -358708.     
  2.60000        27.0000       -358708.     
  2.70000        28.0000       -358708.     
  2.80000        29.0000       -358708.     
  2.90000        30.0000       -358708.     
  3.00000        31.0000       -358708.     
  3.10000        32.0000       -358708.     
  3.20000        33.0000       -358708.     
  3.30000        34.0000       -358708.     
  3.40000        35.0000       -358708.     
  3.50000        36.0000       -358708.     
  3.60000        37.0000       -358708.     
  3.70000        38.0000       -358708.     
  3.80000        39.0000       -358827.     
  3.90000        40.0000       -358855.     
  4.00000        41.0000       -358855.     
  4.10000        42.0000       -359262.     
  4.20000        43.0000       -359262.     
  4.30000        44.0000       -359357.     
  4.40000        45.0000       -359663.     
  4.50000        46.0000       -359663.     
  4.60000        47.0000       -359711.     
  4.70000        48.0000       -359877.     
  4.80000        49.0000       -359877.     
  4.90000        50.0000       -360058.     
  5.00000        51.0000       -360058.     
  5.10000        52.0000       -360058.     
  5.20000        53.0000       -360386.     
  5.30000        54.0000       -360403.     
  5.40000        55.0000       -360448.     
  5.50000        56.0000       -360448.     
  5.60000        57.0000       -360448.     
  5.70000        58.0000       -360832.     
  5.80000        59.0000       -360832.     
  5.90000        60.0000       -360832.     
  6.00000        61.0000       -360886.     
  6.10000        62.0000       -361210.     
  6.20000        63.0000       -361210.     
  6.30000        64.0000       -361210.     
  6.40000        65.0000       -361210.     
  6.50000        66.0000       -361210.     
  6.60000        67.0000       -361500.     
  6.70000        68.0000       -361582.     
  6.80000        69.0000       -361544.     
  6.90000        70.0000       -361500.     
  7.00000        71.0000       -361582.     
  7.10000        72.0000       -361785.     
  7.20000        73.0000       -361950.     
  7.30000        74.0000       -361950.     
  7.40000        75.0000       -361979.     
  7.50000        76.0000       -362421.     
  7.60000        77.0000       -362780.     
  7.70000        78.0000       -363141.     
  7.80000        79.0000       -363202.     
  7.90000        80.0000       -363761.     
  8.00000        81.0000       -363908.     
  8.10000        82.0000       -364373.     
  8.20000        83.0000       -364901.     
  8.30000        84.0000       -364948.     
  8.40000        85.0000       -365042.     
  8.50000        86.0000       -365546.     
  8.60000        87.0000       -365908.     
  8.70000        88.0000       -366137.     
  8.80000        89.0000       -366645.     
  8.90000        90.0000       -366751.     
  9.00000        91.0000       -367269.     
  9.10000        92.0000       -367430.     
  9.20000        93.0000       -367840.     
  9.30000        94.0000       -368164.     
  9.40000        95.0000       -368423.     
  9.50000        96.0000       -368878.     
  9.60000        97.0000       -369019.     
  9.70000        98.0000       -369279.     
  9.80000        99.0000       -369590.     
  9.90000        100.000       -370115.     
  10.0000        101.000       -370172.     
  10.1000        102.000       -370417.     
  10.2000        103.000       -370730.     
  10.3000        104.000       -371127.     
  10.4000        105.000       -371300.     
  10.5000        106.000       -371817.     
  10.6000        107.000       -371902.     
  10.7000        108.000       -372403.     
  10.8000        109.000       -372629.     
  10.9000        110.000       -372972.     
  11.0000        111.000       -373309.     
  11.1000        112.000       -373536.     
  11.2000        113.000       -374025.     
  11.3000        114.000       -374119.     
  11.4000        115.000       -374506.     
  11.5000        116.000       -374697.     
  11.6000        117.000       -374889.     
  11.7000        118.000       -375293.     
  11.8000        119.000       -375609.     
  11.9000        120.000       -375874.     
  12.0000        121.000       -376781.     
  12.1000        122.000       -376781.     
  12.2000        123.000       -376781.     
  12.3000        124.000       -376781.     
  12.4000        125.000       -376771.     
  12.5000        126.000       -376772.     
  12.6000        127.000       -376772.     
  12.7000        128.000       -376772.     
  12.8000        129.000       -376772.     
  12.9000        130.000       -376751.     
  13.0000        131.000       -376751.     
  13.1000        132.000       -376751.     
  13.2000        133.000       -376751.     
  13.3000        134.000       -376751.     
  13.4000        135.000       -376751.     
  13.5000        136.000       -376751.     
  13.6000        137.000       -376751.     
  13.7000        138.000       -376751.     
  13.8000        139.000       -376751.     
  13.9000        140.000       -376751.     
  14.0000        141.000       -376751.     
  14.1000        142.000       -376751.     
  14.2000        143.000       -376751.     
  14.3000        144.000       -376751.     
  14.4000        145.000       -376751.     
  14.5000        146.000       -376751.     
  14.6000        147.000       -376751.     
  14.7000        148.000       -376751.     
  14.8000        149.000       -376751.     
  14.9000        150.000       -376751.     
  15.0000        151.000       -376751.     
  15.1000        152.000       -376751.     
  15.2000        153.000       -376751.     
  15.3000        154.000       -376758.     
  15.4000        155.000       -376760.     
  15.5000        156.000       -376762.     
  15.6000        157.000       -376762.     
  15.7000        158.000       -376762.     
  15.8000        159.000       -376762.     
  15.9000        160.000       -376762.     
  16.0000        161.000       -376762.     
  16.1000        162.000       -376762.     
  16.2000        163.000       -376762.     
  16.3000        164.000       -376762.     
  16.4000        165.000       -376762.     
  16.5000        166.000       -376762.     
  16.6000        167.000       -376762.     
  16.7000        168.000       -376762.     
  16.8000        169.000       -376762.     
  16.9000        170.000       -376762.     
  17.0000        171.000       -376762.     
  17.1000        172.000       -376762.     
  17.2000        173.000       -376762.     
  17.3000        174.000       -376762.     
  17.4000        175.000       -376762.     
  17.5000        176.000       -376762.     
  17.6000        177.000       -376762.     
  17.7000        178.000       -376762.     
  17.8000        179.000       -376762.     
  17.9000        180.000       -376762.     
  18.0000        181.000       -376762.     
  18.1000        182.000       -376762.     
  18.2000        183.000       -376762.     
  18.3000        184.000       -376765.     
  18.4000        185.000       -376765.     
  18.5000        186.000       -376765.     
  18.6000        187.000       -376765.     
  18.7000        188.000       -376765.     
  18.8000        189.000       -376765.     
  18.9000        190.000       -376765.     
  19.0000        191.000       -376765.     
  19.1000        192.000       -376765.     
  19.2000        193.000       -377205.     
  19.3000        194.000       -376762.     
  19.4000        195.000       -376751.     
  19.5000        196.000       -377771.     
  19.6000        197.000       -376744.     
  19.7000        198.000       -378322.     
  19.8000        199.000       -378322.     
  19.9000        200.000       -378521.     
  20.0000        201.000       -378539.     
  20.1000        202.000       -379086.     
  20.2000        203.000       -379179.     
  20.3000        204.000       -379342.     
  20.4000        205.000       -379508.     
  20.5000        206.000       -380096.     
  20.6000        207.000       -380255.     
  20.7000        208.000       -380417.     
  20.8000        209.000       -379244.     
  20.9000        210.000       -379415.     
  21.0000        211.000       -381238.     
  21.1000        212.000       -381487.     
  21.2000        213.000       -379470.     
  21.3000        214.000       -382064.     
  21.4000        215.000       -382217.     
  21.5000        216.000       -381895.     
  21.6000        217.000       -383170.     
  21.7000        218.000       -379990.     
  21.8000        219.000       -383815.     
  21.9000        220.000       -383542.     
  22.0000        221.000       -381431.     
  22.1000        222.000       -385781.     
  22.2000        223.000       -385923.     
  22.3000        224.000       -386699.     
  22.4000        225.000       -384415.     
  22.5000        226.000       -385847.     
  22.6000        227.000       -387834.     
  22.7000        228.000       -396461.     
  22.8000        229.000       -386464.     
  22.9000        230.000       -397628.     
  23.0000        231.000       -398128.     
  23.1000        232.000       -387021.     
  23.2000        233.000       -399328.     
  23.3000        234.000       -399853.     
  23.4000        235.000       -400658.     
  23.5000        236.000       -401278.     
  23.6000        237.000       -402026.     
  23.7000        238.000       -402943.     
  23.8000        239.000       -403734.     
  23.9000        240.000       -404795.     
  24.0000        241.000       -405855.     
  24.1000        242.000       -381779.     
  24.2000        243.000       -406327.     
  24.3000        244.000       -406195.     
  24.4000        245.000       -406327.     
  24.5000        246.000       -406526.     
  24.6000        247.000       -406604.     
  24.7000        248.000       -406604.     
  24.8000        249.000       -406671.     
  24.9000        250.000       -406880.     
  25.0000        251.000       -406888.     
  25.1000        252.000       -406888.     
  25.2000        253.000       -407154.     
  25.3000        254.000       -407154.     
  25.4000        255.000       -407273.     
  25.5000        256.000       -407429.     
  25.6000        257.000       -407429.     
  25.7000        258.000       -407547.     
  25.8000        259.000       -407629.     
  25.9000        260.000       -407699.     
  26.0000        261.000       -407699.     
  26.1000        262.000       -407967.     
  26.2000        263.000       -407967.     
  26.3000        264.000       -407981.     
  26.4000        265.000       -408164.     
  26.5000        266.000       -408234.     
  26.6000        267.000       -408234.     
  26.7000        268.000       -408330.     
  26.8000        269.000       -408498.     
  26.9000        270.000       -408498.     
  27.0000        271.000       -408677.     
  27.1000        272.000       -408724.     
  27.2000        273.000       -408761.     
  27.3000        274.000       -408761.     
  27.4000        275.000       -409020.     
  27.5000        276.000       -409022.     
  27.6000        277.000       -409022.     
  27.7000        278.000       -409222.     
  27.8000        279.000       -409281.     
  27.9000        280.000       -409281.     
  28.0000        281.000       -409360.     
  28.1000        282.000       -409538.     
  28.2000        283.000       -409538.     
  28.3000        284.000       -409698.     
  28.4000        285.000       -409714.     
  28.5000        286.000       -409794.     
  28.6000        287.000       -410015.     
  28.7000        288.000       -410015.     
  28.8000        289.000       -410048.     
  28.9000        290.000       -410048.     
  29.0000        291.000       -410300.     
  29.1000        292.000       -410300.     
  29.2000        293.000       -410302.     
  29.3000        294.000       -410520.     
  29.4000        295.000       -410551.     
  29.5000        296.000       -410631.     
  29.6000        297.000       -410631.     
  29.7000        298.000       -410800.     
  29.8000        299.000       -410800.     
  29.9000        300.000       -410958.     
  30.0000        301.000       -411048.     
  30.1000        302.000       -411048.     
  30.2000        303.000       -411157.     
  30.3000        304.000       -411282.     
  30.4000        305.000       -411294.     
  30.5000        306.000       -411294.     
  30.6000        307.000       -411539.     
  30.7000        308.000       -411539.     
  30.8000        309.000       -411603.     
  30.9000        310.000       -411782.     
  31.0000        311.000       -411782.     
  31.1000        312.000       -411922.     
  31.2000        313.000       -412006.     
  31.3000        314.000       -412023.     
  31.4000        315.000       -412094.     
  31.5000        316.000       -412238.     
  31.6000        317.000       -412264.     
  31.7000        318.000       -412264.     
  31.8000        319.000       -412502.     
  31.9000        320.000       -412502.     
  32.0000        321.000       -412552.     
  32.1000        322.000       -412553.     
  32.2000        323.000       -412740.     
  32.3000        324.000       -412864.     
  32.4000        325.000       -412864.     
  32.5000        326.000       -412975.     
  32.6000        327.000       -413010.     
  32.7000        328.000       -413173.     
  32.8000        329.000       -413401.     
  32.9000        330.000       -413716.     
  33.0000        331.000       -414263.     
  33.1000        332.000       -414602.     
  33.2000        333.000       -414943.     
  33.3000        334.000       -415495.     
  33.4000        335.000       -415901.     
  33.5000        336.000       -416398.     
  33.6000        337.000       -416856.     
  33.7000        338.000       -417270.     
  33.8000        339.000       -417854.     
  33.9000        340.000       -418406.     
  34.0000        341.000       -418466.     
  34.1000        342.000       -418466.     
  34.2000        343.000       -418466.     
  34.3000        344.000       -418466.     
  34.4000        345.000       -418466.     
  34.5000        346.000       -418466.     
  34.6000        347.000       -418466.     
  34.7000        348.000       -418466.     
  34.8000        349.000       -418466.     
  34.9000        350.000       -418466.     
  35.0000        351.000       -418466.     
  35.1000        352.000       -418466.     
  35.2000        353.000       -418466.     
  35.3000        354.000       -418460.     
  35.4000        355.000       -418442.     
  35.5000        356.000       -418453.     
  35.6000        357.000       -418453.     
  35.7000        358.000       -418389.     
  35.8000        359.000       -418389.     
  35.9000        360.000       -418386.     
  36.0000        361.000       -418386.     
  36.1000        362.000       -418386.     
  36.2000        363.000       -418386.     
  36.3000        364.000       -418386.     
  36.4000        365.000       -418386.     
  36.5000        366.000       -418429.     
  36.6000        367.000       -418847.     
  36.7000        368.000       -419248.     
  36.8000        369.000       -419614.     
  36.9000        370.000       -420237.     
  37.0000        371.000       -420862.     
  37.1000        372.000       -421188.     
  37.2000        373.000       -421831.     
  37.3000        374.000       -422309.     
  37.4000        375.000       -422962.     
  37.5000        376.000       -423553.     
  37.6000        377.000       -424058.     
  37.7000        378.000       -424863.     
  37.8000        379.000       -425450.     
  37.9000        380.000       -426015.     
  38.0000        381.000       -426866.     
  38.1000        382.000       -427490.     
  38.2000        383.000       -428224.     
  38.3000        384.000       -428868.     
  38.4000        385.000       -429690.     
  38.5000        386.000       -430421.     
  38.6000        387.000       -431353.     
  38.7000        388.000       -432117.     
  38.8000        389.000       -432957.     
  38.9000        390.000       -433947.     
  39.0000        391.000       -434807.     
  39.1000        392.000       -435653.     
  39.2000        393.000       -436543.     
  39.3000        394.000       -437720.     
  39.4000        395.000       -438591.     
  39.5000        396.000       -439083.     
  39.6000        397.000       -439083.     
  39.7000        398.000       -439083.     
  39.8000        399.000       -439083.     
  39.9000        400.000       -439081.     
  40.0000        401.000       -439080.     
  40.1000        402.000       -439080.     
  40.2000        403.000       -439080.     
  40.3000        404.000       -439080.     
  40.4000        405.000       -439080.     
  40.5000        406.000       -439077.     
  40.6000        407.000       -439077.     
  40.7000        408.000       -439077.     
  40.8000        409.000       -439077.     
  40.9000        410.000       -439076.     
  41.0000        411.000       -439076.     
  41.1000        412.000       -439076.     
  41.2000        413.000       -439076.     
  41.3000        414.000       -439076.     
  41.4000        415.000       -439073.     
  41.5000        416.000       -439073.     
  41.6000        417.000       -439072.     
  41.7000        418.000       -439072.     
  41.8000        419.000       -439072.     
  41.9000        420.000       -439072.     
  42.0000        421.000       -439072.     
  42.1000        422.000       -439072.     
  42.2000        423.000       -439072.     
  42.3000        424.000       -439072.     
  42.4000        425.000       -439072.     
  42.5000        426.000       -439067.     
  42.6000        427.000       -439067.     
  42.7000        428.000       -439067.     
  42.8000        429.000       -439067.     
  42.9000        430.000       -439067.     
  43.0000        431.000       -439066.     
  43.1000        432.000       -439066.     
  43.2000        433.000       -439066.     
  43.3000        434.000       -439066.     
  43.4000        435.000       -439066.     
  43.5000        436.000       -439065.     
  43.6000        437.000       -439063.     
  43.7000        438.000       -439063.     
  43.8000        439.000       -439063.     
  43.9000        440.000       -439063.     
  44.0000        441.000       -439061.     
  44.1000        442.000       -439061.     
  44.2000        443.000       -439061.     
  44.3000        444.000       -439061.     
  44.4000        445.000       -439060.     
  44.5000        446.000       -439059.     
  44.6000        447.000       -439059.     
  44.7000        448.000       -439059.     
  44.8000        449.000       -439059.     
  44.9000        450.000       -439058.     
  45.0000        451.000       -439057.     
  45.1000        452.000       -439055.     
  45.2000        453.000       -439055.     
  45.3000        454.000       -439055.     
  45.4000        455.000       -439055.     
  45.5000        456.000       -439055.     
  45.6000        457.000       -439055.     
  45.7000        458.000       -439055.     
  45.8000        459.000       -439055.     
  45.9000        460.000       -439053.     
  46.0000        461.000       -439051.     
  46.1000        462.000       -439051.     
  46.2000        463.000       -439051.     
  46.3000        464.000       -439051.     
  46.4000        465.000       -439051.     
  46.5000        466.000       -439049.     
  46.6000        467.000       -439049.     
  46.7000        468.000       -439049.     
  46.8000        469.000       -439049.     
  46.9000        470.000       -439049.     
  47.0000        471.000       -439046.     
  47.1000        472.000       -439046.     
  47.2000        473.000       -439046.     
  47.3000        474.000       -439046.     
  47.4000        475.000       -439046.     
  47.5000        476.000       -439044.     
  47.6000        477.000       -439044.     
  47.7000        478.000       -439044.     
  47.8000        479.000       -439044.     
  47.9000        480.000       -439044.     
  48.0000        481.000       -439042.     
  48.1000        482.000       -439042.     
  48.2000        483.000       -439042.     
  48.3000        484.000       -439042.     
  48.4000        485.000       -439040.     
  48.5000        486.000       -439039.     
  48.6000        487.000       -439038.     
  48.7000        488.000       -439038.     
  48.8000        489.000       -439038.     
  48.9000        490.000       -439038.     
  49.0000        491.000       -439038.     
  49.1000        492.000       -439038.     
  49.2000        493.000       -439038.     
  49.3000        494.000       -439038.     
  49.4000        495.000       -439034.     
  49.5000        496.000       -439034.     
  49.6000        497.000       -439034.     
  49.7000        498.000       -439034.     
  49.8000        499.000       -439033.     
  49.9000        500.000       -439033.     
  50.0000        501.000       -439033.     
