|6.6.6
inf_a/PT_inf_graphite15_5.tab                                                                       
           1
n,alqt. 
   2.1219957929415349E-314
   2.1219957929415349E-314
  1011886832
           3
n,alqt.        node#          mu[O2],J/mol  
  0.00000        1.00000       -354115.     
 0.100000        2.00000       -354115.     
 0.200000        3.00000       -354115.     
 0.300000        4.00000       -354285.     
 0.400000        5.00000       -354115.     
 0.500000        6.00000       -354285.     
 0.600000        7.00000       -354678.     
 0.700000        8.00000       -354688.     
 0.800000        9.00000       -354733.     
 0.900000        10.0000       -355185.     
  1.00000        11.0000       -355152.     
  1.10000        12.0000       -355338.     
  1.20000        13.0000       -355672.     
  1.30000        14.0000       -355672.     
  1.40000        15.0000       -355672.     
  1.50000        16.0000       -355930.     
  1.60000        17.0000       -356120.     
  1.70000        18.0000       -356309.     
  1.80000        19.0000       -356451.     
  1.90000        20.0000       -356509.     
  2.00000        21.0000       -356509.     
  2.10000        22.0000       -356931.     
  2.20000        23.0000       -357076.     
  2.30000        24.0000       -357091.     
  2.40000        25.0000       -357358.     
  2.50000        26.0000       -357631.     
  2.60000        27.0000       -357778.     
  2.70000        28.0000       -357778.     
  2.80000        29.0000       -357586.     
  2.90000        30.0000       -357631.     
  3.00000        31.0000       -357778.     
  3.10000        32.0000       -357778.     
  3.20000        33.0000       -358175.     
  3.30000        34.0000       -358175.     
  3.40000        35.0000       -358191.     
  3.50000        36.0000       -358191.     
  3.60000        37.0000       -358370.     
  3.70000        38.0000       -358599.     
  3.80000        39.0000       -358599.     
  3.90000        40.0000       -358655.     
  4.00000        41.0000       -358708.     
  4.10000        42.0000       -359000.     
  4.20000        43.0000       -359000.     
  4.30000        44.0000       -359001.     
  4.40000        45.0000       -359231.     
  4.50000        46.0000       -359316.     
  4.60000        47.0000       -359395.     
  4.70000        48.0000       -359743.     
  4.80000        49.0000       -359527.     
  4.90000        50.0000       -359743.     
  5.00000        51.0000       -359784.     
  5.10000        52.0000       -359784.     
  5.20000        53.0000       -359743.     
  5.30000        54.0000       -359784.     
  5.40000        55.0000       -359784.     
  5.50000        56.0000       -360168.     
  5.60000        57.0000       -360174.     
  5.70000        58.0000       -360303.     
  5.80000        59.0000       -360485.     
  5.90000        60.0000       -360546.     
  6.00000        61.0000       -360546.     
  6.10000        62.0000       -360707.     
  6.20000        63.0000       -360740.     
  6.30000        64.0000       -360852.     
  6.40000        65.0000       -360919.     
  6.50000        66.0000       -360919.     
  6.60000        67.0000       -361099.     
  6.70000        68.0000       -361226.     
  6.80000        69.0000       -361350.     
  6.90000        70.0000       -361955.     
  7.00000        71.0000       -362063.     
  7.10000        72.0000       -362584.     
  7.20000        73.0000       -362856.     
  7.30000        74.0000       -363174.     
  7.40000        75.0000       -363637.     
  7.50000        76.0000       -363788.     
  7.60000        77.0000       -364364.     
  7.70000        78.0000       -364466.     
  7.80000        79.0000       -364963.     
  7.90000        80.0000       -365221.     
  8.00000        81.0000       -365584.     
  8.10000        82.0000       -365966.     
  8.20000        83.0000       -366169.     
  8.30000        84.0000       -366717.     
  8.40000        85.0000       -366961.     
  8.50000        86.0000       -367318.     
  8.60000        87.0000       -367854.     
  8.70000        88.0000       -368014.     
  8.80000        89.0000       -368442.     
  8.90000        90.0000       -368949.     
  9.00000        91.0000       -369023.     
  9.10000        92.0000       -369540.     
  9.20000        93.0000       -369754.     
  9.30000        94.0000       -370138.     
  9.40000        95.0000       -370462.     
  9.50000        96.0000       -370728.     
  9.60000        97.0000       -371216.     
  9.70000        98.0000       -371312.     
  9.80000        99.0000       -371806.     
  9.90000        100.000       -371889.     
  10.0000        101.000       -372224.     
  10.1000        102.000       -372460.     
  10.2000        103.000       -372998.     
  10.3000        104.000       -373262.     
  10.4000        105.000       -373583.     
  10.5000        106.000       -374082.     
  10.6000        107.000       -374188.     
  10.7000        108.000       -374682.     
  10.8000        109.000       -374787.     
  10.9000        110.000       -375300.     
  11.0000        111.000       -375431.     
  11.1000        112.000       -375807.     
  11.2000        113.000       -376030.     
  11.3000        114.000       -376030.     
  11.4000        115.000       -376030.     
  11.5000        116.000       -376030.     
  11.6000        117.000       -376030.     
  11.7000        118.000       -376030.     
  11.8000        119.000       -376030.     
  11.9000        120.000       -376030.     
  12.0000        121.000       -376030.     
  12.1000        122.000       -376030.     
  12.2000        123.000       -376030.     
  12.3000        124.000       -376030.     
  12.4000        125.000       -376030.     
  12.5000        126.000       -376030.     
  12.6000        127.000       -376030.     
  12.7000        128.000       -376030.     
  12.8000        129.000       -376030.     
  12.9000        130.000       -376030.     
  13.0000        131.000       -376030.     
  13.1000        132.000       -376030.     
  13.2000        133.000       -376030.     
  13.3000        134.000       -376030.     
  13.4000        135.000       -376030.     
  13.5000        136.000       -376033.     
  13.6000        137.000       -376033.     
  13.7000        138.000       -376033.     
  13.8000        139.000       -376033.     
  13.9000        140.000       -376033.     
  14.0000        141.000       -376033.     
  14.1000        142.000       -376033.     
  14.2000        143.000       -376033.     
  14.3000        144.000       -376033.     
  14.4000        145.000       -376033.     
  14.5000        146.000       -376033.     
  14.6000        147.000       -376033.     
  14.7000        148.000       -376033.     
  14.8000        149.000       -376033.     
  14.9000        150.000       -376033.     
  15.0000        151.000       -376033.     
  15.1000        152.000       -376033.     
  15.2000        153.000       -376033.     
  15.3000        154.000       -376033.     
  15.4000        155.000       -376033.     
  15.5000        156.000       -376033.     
  15.6000        157.000       -376033.     
  15.7000        158.000       -376033.     
  15.8000        159.000       -376033.     
  15.9000        160.000       -376037.     
  16.0000        161.000       -376039.     
  16.1000        162.000       -376042.     
  16.2000        163.000       -376042.     
  16.3000        164.000       -376042.     
  16.4000        165.000       -376042.     
  16.5000        166.000       -376042.     
  16.6000        167.000       -376042.     
  16.7000        168.000       -376030.     
  16.8000        169.000       -376030.     
  16.9000        170.000       -376017.     
  17.0000        171.000       -376017.     
  17.1000        172.000       -376017.     
  17.2000        173.000       -376017.     
  17.3000        174.000       -376638.     
  17.4000        175.000       -376772.     
  17.5000        176.000       -377037.     
  17.6000        177.000       -377220.     
  17.7000        178.000       -377454.     
  17.8000        179.000       -377772.     
  17.9000        180.000       -377869.     
  18.0000        181.000       -378252.     
  18.1000        182.000       -378442.     
  18.2000        183.000       -378833.     
  18.3000        184.000       -379039.     
  18.4000        185.000       -375971.     
  18.5000        186.000       -379629.     
  18.6000        187.000       -379766.     
  18.7000        188.000       -380072.     
  18.8000        189.000       -380368.     
  18.9000        190.000       -380841.     
  19.0000        191.000       -375936.     
  19.1000        192.000       -381105.     
  19.2000        193.000       -381626.     
  19.3000        194.000       -381752.     
  19.4000        195.000       -381910.     
  19.5000        196.000       -382543.     
  19.6000        197.000       -382595.     
  19.7000        198.000       -382694.     
  19.8000        199.000       -383077.     
  19.9000        200.000       -383432.     
  20.0000        201.000       -384464.     
  20.1000        202.000       -384846.     
  20.2000        203.000       -394760.     
  20.3000        204.000       -384951.     
  20.4000        205.000       -387703.     
  20.5000        206.000       -384997.     
  20.6000        207.000       -387538.     
  20.7000        208.000       -387390.     
  20.8000        209.000       -387790.     
  20.9000        210.000       -387283.     
  21.0000        211.000       -399657.     
  21.1000        212.000       -387647.     
  21.2000        213.000       -401236.     
  21.3000        214.000       -402071.     
  21.4000        215.000       -403142.     
  21.5000        216.000       -404035.     
  21.6000        217.000       -405153.     
  21.7000        218.000       -406006.     
  21.8000        219.000       -406006.     
  21.9000        220.000       -406135.     
  22.0000        221.000       -406288.     
  22.1000        222.000       -406288.     
  22.2000        223.000       -406505.     
  22.3000        224.000       -406567.     
  22.4000        225.000       -406567.     
  22.5000        226.000       -406844.     
  22.6000        227.000       -406844.     
  22.7000        228.000       -406871.     
  22.8000        229.000       -407120.     
  22.9000        230.000       -407120.     
  23.0000        231.000       -407234.     
  23.1000        232.000       -407244.     
  23.2000        233.000       -407393.     
  23.3000        234.000       -407393.     
  23.4000        235.000       -407594.     
  23.5000        236.000       -407665.     
  23.6000        237.000       -407665.     
  23.7000        238.000       -407935.     
  23.8000        239.000       -407935.     
  23.9000        240.000       -407950.     
  24.0000        241.000       -408202.     
  24.1000        242.000       -408202.     
  24.2000        243.000       -408303.     
  24.3000        244.000       -408468.     
  24.4000        245.000       -408468.     
  24.5000        246.000       -408654.     
  24.6000        247.000       -408733.     
  24.7000        248.000       -408733.     
  24.8000        249.000       -408909.     
  24.9000        250.000       -408995.     
  25.0000        251.000       -409001.     
  25.1000        252.000       -409256.     
  25.2000        253.000       -409256.     
  25.3000        254.000       -409261.     
  25.4000        255.000       -409345.     
  25.5000        256.000       -409515.     
  25.6000        257.000       -409687.     
  25.7000        258.000       -409687.     
  25.8000        259.000       -409772.     
  25.9000        260.000       -409772.     
  26.0000        261.000       -410026.     
  26.1000        262.000       -410028.     
  26.2000        263.000       -410028.     
  26.3000        264.000       -410282.     
  26.4000        265.000       -410282.     
  26.5000        266.000       -410361.     
  26.6000        267.000       -410534.     
  26.7000        268.000       -410534.     
  26.8000        269.000       -410694.     
  26.9000        270.000       -410785.     
  27.0000        271.000       -410785.     
  27.1000        272.000       -411025.     
  27.2000        273.000       -411035.     
  27.3000        274.000       -411035.     
  27.4000        275.000       -411282.     
  27.5000        276.000       -411282.     
  27.6000        277.000       -411353.     
  27.7000        278.000       -411529.     
  27.8000        279.000       -411529.     
  27.9000        280.000       -411678.     
  28.0000        281.000       -411773.     
  28.1000        282.000       -411773.     
  28.2000        283.000       -412001.     
  28.3000        284.000       -412017.     
  28.4000        285.000       -412017.     
  28.5000        286.000       -412258.     
  28.6000        287.000       -412258.     
  28.7000        288.000       -412321.     
  28.8000        289.000       -412499.     
  28.9000        290.000       -412583.     
  29.0000        291.000       -412639.     
  29.1000        292.000       -412738.     
  29.2000        293.000       -412738.     
  29.3000        294.000       -412955.     
  29.4000        295.000       -413022.     
  29.5000        296.000       -418761.     
  29.6000        297.000       -418677.     
  29.7000        298.000       -418677.     
  29.8000        299.000       -418653.     
  29.9000        300.000       -418585.     
  30.0000        301.000       -418583.     
  30.1000        302.000       -418532.     
  30.2000        303.000       -418492.     
  30.3000        304.000       -418459.     
  30.4000        305.000       -418413.     
  30.5000        306.000       -418403.     
  30.6000        307.000       -418394.     
  30.7000        308.000       -418317.     
  30.8000        309.000       -418317.     
  30.9000        310.000       -418317.     
  31.0000        311.000       -418317.     
  31.1000        312.000       -418317.     
  31.2000        313.000       -418317.     
  31.3000        314.000       -418317.     
  31.4000        315.000       -418317.     
  31.5000        316.000       -418317.     
  31.6000        317.000       -418317.     
  31.7000        318.000       -418317.     
  31.8000        319.000       -418317.     
  31.9000        320.000       -418317.     
  32.0000        321.000       -418317.     
  32.1000        322.000       -418316.     
  32.2000        323.000       -418316.     
  32.3000        324.000       -418299.     
  32.4000        325.000       -418299.     
  32.5000        326.000       -418299.     
  32.6000        327.000       -418299.     
  32.7000        328.000       -418299.     
  32.8000        329.000       -418450.     
  32.9000        330.000       -433124.     
  33.0000        331.000       -433128.     
  33.1000        332.000       -433163.     
  33.2000        333.000       -433252.     
  33.3000        334.000       -433252.     
  33.4000        335.000       -433355.     
  33.5000        336.000       -433379.     
  33.6000        337.000       -433379.     
  33.7000        338.000       -433573.     
  33.8000        339.000       -433573.     
  33.9000        340.000       -433579.     
  34.0000        341.000       -433671.     
  34.1000        342.000       -433698.     
  34.2000        343.000       -433705.     
  34.3000        344.000       -433732.     
  34.4000        345.000       -433821.     
  34.5000        346.000       -433821.     
  34.6000        347.000       -433953.     
  34.7000        348.000       -433933.     
  34.8000        349.000       -433944.     
  34.9000        350.000       -433944.     
  35.0000        351.000       -434133.     
  35.1000        352.000       -434134.     
  35.2000        353.000       -434134.     
  35.3000        354.000       -434137.     
  35.4000        355.000       -434102.     
  35.5000        356.000       -434201.     
  35.6000        357.000       -434254.     
  35.7000        358.000       -434254.     
  35.8000        359.000       -434319.     
  35.9000        360.000       -434319.     
  36.0000        361.000       -434284.     
  36.1000        362.000       -434374.     
  36.2000        363.000       -434374.     
  36.3000        364.000       -434374.     
  36.4000        365.000       -434495.     
  36.5000        366.000       -434500.     
  36.6000        367.000       -434465.     
  36.7000        368.000       -434465.     
  36.8000        369.000       -434492.     
  36.9000        370.000       -434492.     
  37.0000        371.000       -434492.     
  37.1000        372.000       -434677.     
  37.2000        373.000       -434677.     
  37.3000        374.000       -434677.     
  37.4000        375.000       -434677.     
  37.5000        376.000       -434643.     
  37.6000        377.000       -434643.     
  37.7000        378.000       -434625.     
  37.8000        379.000       -434716.     
  37.9000        380.000       -434792.     
  38.0000        381.000       -434853.     
  38.1000        382.000       -434941.     
  38.2000        383.000       -435082.     
  38.3000        384.000       -435158.     
  38.4000        385.000       -435268.     
  38.5000        386.000       -435386.     
  38.6000        387.000       -435462.     
  38.7000        388.000       -435538.     
  38.8000        389.000       -435690.     
  38.9000        390.000       -435766.     
  39.0000        391.000       -435842.     
  39.1000        392.000       -435918.     
  39.2000        393.000       -435994.     
  39.3000        394.000       -436070.     
  39.4000        395.000       -436146.     
  39.5000        396.000       -436222.     
  39.6000        397.000       -436297.     
  39.7000        398.000       -436448.     
  39.8000        399.000       -436448.     
  39.9000        400.000       -436524.     
  40.0000        401.000       -436600.     
  40.1000        402.000       -436676.     
  40.2000        403.000       -436752.     
  40.3000        404.000       -436827.     
  40.4000        405.000       -436903.     
  40.5000        406.000       -436978.     
  40.6000        407.000       -437021.     
  40.7000        408.000       -437054.     
  40.8000        409.000       -437129.     
  40.9000        410.000       -437205.     
  41.0000        411.000       -437281.     
  41.1000        412.000       -437281.     
  41.2000        413.000       -437355.     
  41.3000        414.000       -437431.     
  41.4000        415.000       -437507.     
  41.5000        416.000       -437507.     
  41.6000        417.000       -437582.     
  41.7000        418.000       -437657.     
  41.8000        419.000       -437657.     
  41.9000        420.000       -437733.     
  42.0000        421.000       -437808.     
  42.1000        422.000       -437808.     
  42.2000        423.000       -437884.     
  42.3000        424.000       -437884.     
  42.4000        425.000       -437958.     
  42.5000        426.000       -438034.     
  42.6000        427.000       -438034.     
  42.7000        428.000       -438110.     
  42.8000        429.000       -438109.     
  42.9000        430.000       -438185.     
  43.0000        431.000       -438192.     
  43.1000        432.000       -438260.     
  43.2000        433.000       -438327.     
  43.3000        434.000       -438327.     
  43.4000        435.000       -438402.     
  43.5000        436.000       -438402.     
  43.6000        437.000       -438477.     
  43.7000        438.000       -438477.     
  43.8000        439.000       -438553.     
  43.9000        440.000       -438553.     
  44.0000        441.000       -438627.     
  44.1000        442.000       -438627.     
  44.2000        443.000       -438651.     
  44.3000        444.000       -438650.     
  44.4000        445.000       -438648.     
  44.5000        446.000       -438648.     
  44.6000        447.000       -438648.     
  44.7000        448.000       -438648.     
  44.8000        449.000       -438647.     
  44.9000        450.000       -438647.     
  45.0000        451.000       -438647.     
  45.1000        452.000       -438647.     
  45.2000        453.000       -438646.     
  45.3000        454.000       -438642.     
  45.4000        455.000       -438642.     
  45.5000        456.000       -438642.     
  45.6000        457.000       -438642.     
  45.7000        458.000       -438642.     
  45.8000        459.000       -438642.     
  45.9000        460.000       -438642.     
  46.0000        461.000       -438641.     
  46.1000        462.000       -438640.     
  46.2000        463.000       -438638.     
  46.3000        464.000       -438638.     
  46.4000        465.000       -438638.     
  46.5000        466.000       -438637.     
  46.6000        467.000       -438637.     
  46.7000        468.000       -438637.     
  46.8000        469.000       -438637.     
  46.9000        470.000       -438636.     
  47.0000        471.000       -438634.     
  47.1000        472.000       -438634.     
  47.2000        473.000       -438634.     
  47.3000        474.000       -438633.     
  47.4000        475.000       -438633.     
  47.5000        476.000       -438631.     
  47.6000        477.000       -438631.     
  47.7000        478.000       -438631.     
  47.8000        479.000       -438631.     
  47.9000        480.000       -438629.     
  48.0000        481.000       -438629.     
  48.1000        482.000       -438629.     
  48.2000        483.000       -438627.     
  48.3000        484.000       -438626.     
  48.4000        485.000       -438625.     
  48.5000        486.000       -438625.     
  48.6000        487.000       -438625.     
  48.7000        488.000       -438625.     
  48.8000        489.000       -438625.     
  48.9000        490.000       -438625.     
  49.0000        491.000       -438625.     
  49.1000        492.000       -438625.     
  49.2000        493.000       -438621.     
  49.3000        494.000       -438621.     
  49.4000        495.000       -438621.     
  49.5000        496.000       -438619.     
  49.6000        497.000       -438619.     
  49.7000        498.000       -438619.     
  49.8000        499.000       -438619.     
  49.9000        500.000       -438619.     
  50.0000        501.000       -438619.     
