|6.6.6
inf_a/graphite/build/PT_inf_graphite5_1.tab                                                         
           1
n,alqt. 
   2.1219957929415349E-314
   2.1219957929415349E-314
  1346391312
           3
n,alqt.        node#          mu[O2],J/mol  
  0.00000        1.00000       -358603.     
 0.100000        2.00000       -358500.     
 0.200000        3.00000       -358500.     
 0.300000        4.00000       -358500.     
 0.400000        5.00000       -358500.     
 0.500000        6.00000       -358500.     
 0.600000        7.00000       -358500.     
 0.700000        8.00000       -358500.     
 0.800000        9.00000       -358500.     
 0.900000        10.0000       -358500.     
  1.00000        11.0000       -358500.     
  1.10000        12.0000       -358500.     
  1.20000        13.0000       -358500.     
  1.30000        14.0000       -358500.     
  1.40000        15.0000       -358500.     
  1.50000        16.0000       -358500.     
  1.60000        17.0000       -358500.     
  1.70000        18.0000       -358500.     
  1.80000        19.0000       -358500.     
  1.90000        20.0000       -358500.     
  2.00000        21.0000       -358500.     
  2.10000        22.0000       -358500.     
  2.20000        23.0000       -358500.     
  2.30000        24.0000       -358500.     
  2.40000        25.0000       -358500.     
  2.50000        26.0000       -358500.     
  2.60000        27.0000       -358500.     
  2.70000        28.0000       -358500.     
  2.80000        29.0000       -358500.     
  2.90000        30.0000       -358532.     
  3.00000        31.0000       -358532.     
  3.10000        32.0000       -358629.     
  3.20000        33.0000       -358743.     
  3.30000        34.0000       -358939.     
  3.40000        35.0000       -358939.     
  3.50000        36.0000       -359158.     
  3.60000        37.0000       -359312.     
  3.70000        38.0000       -359339.     
  3.80000        39.0000       -359339.     
  3.90000        40.0000       -359677.     
  4.00000        41.0000       -359734.     
  4.10000        42.0000       -360028.     
  4.20000        43.0000       -360123.     
  4.30000        44.0000       -360028.     
  4.40000        45.0000       -360123.     
  4.50000        46.0000       -360123.     
  4.60000        47.0000       -360186.     
  4.70000        48.0000       -360186.     
  4.80000        49.0000       -360506.     
  4.90000        50.0000       -360506.     
  5.00000        51.0000       -360506.     
  5.10000        52.0000       -360685.     
  5.20000        53.0000       -360884.     
  5.30000        54.0000       -360884.     
  5.40000        55.0000       -360884.     
  5.50000        56.0000       -361175.     
  5.60000        57.0000       -361256.     
  5.70000        58.0000       -361256.     
  5.80000        59.0000       -361623.     
  5.90000        60.0000       -361623.     
  6.00000        61.0000       -361623.     
  6.10000        62.0000       -361655.     
  6.20000        63.0000       -361655.     
  6.30000        64.0000       -361663.     
  6.40000        65.0000       -362115.     
  6.50000        66.0000       -362390.     
  6.60000        67.0000       -362742.     
  6.70000        68.0000       -363331.     
  6.80000        69.0000       -363623.     
  6.90000        70.0000       -363952.     
  7.00000        71.0000       -364517.     
  7.10000        72.0000       -364714.     
  7.20000        73.0000       -365114.     
  7.30000        74.0000       -365555.     
  7.40000        75.0000       -365734.     
  7.50000        76.0000       -366287.     
  7.60000        77.0000       -366611.     
  7.70000        78.0000       -366949.     
  7.80000        79.0000       -367404.     
  7.90000        80.0000       -367763.     
  8.00000        81.0000       -368025.     
  8.10000        82.0000       -368497.     
  8.20000        83.0000       -368749.     
  8.30000        84.0000       -369132.     
  8.40000        85.0000       -369676.     
  8.50000        86.0000       -369801.     
  8.60000        87.0000       -370271.     
  8.70000        88.0000       -370692.     
  8.80000        89.0000       -370859.     
  8.90000        90.0000       -371384.     
  9.00000        91.0000       -371523.     
  9.10000        92.0000       -371960.     
  9.20000        93.0000       -372232.     
  9.30000        94.0000       -372754.     
  9.40000        95.0000       -373091.     
  9.50000        96.0000       -373594.     
  9.60000        97.0000       -373728.     
  9.70000        98.0000       -374198.     
  9.80000        99.0000       -374459.     
  9.90000        100.000       -374820.     
  10.0000        101.000       -375206.     
  10.1000        102.000       -375434.     
  10.2000        103.000       -375776.     
  10.3000        104.000       -375773.     
  10.4000        105.000       -375773.     
  10.5000        106.000       -375775.     
  10.6000        107.000       -375777.     
  10.7000        108.000       -375777.     
  10.8000        109.000       -375777.     
  10.9000        110.000       -375777.     
  11.0000        111.000       -375777.     
  11.1000        112.000       -375777.     
  11.2000        113.000       -375777.     
  11.3000        114.000       -375777.     
  11.4000        115.000       -375777.     
  11.5000        116.000       -375778.     
  11.6000        117.000       -375778.     
  11.7000        118.000       -375778.     
  11.8000        119.000       -375778.     
  11.9000        120.000       -375773.     
  12.0000        121.000       -375773.     
  12.1000        122.000       -375775.     
  12.2000        123.000       -375775.     
  12.3000        124.000       -375779.     
  12.4000        125.000       -375779.     
  12.5000        126.000       -375779.     
  12.6000        127.000       -375779.     
  12.7000        128.000       -375779.     
  12.8000        129.000       -375779.     
  12.9000        130.000       -375779.     
  13.0000        131.000       -375779.     
  13.1000        132.000       -375779.     
  13.2000        133.000       -375779.     
  13.3000        134.000       -375779.     
  13.4000        135.000       -375779.     
  13.5000        136.000       -375773.     
  13.6000        137.000       -375773.     
  13.7000        138.000       -375775.     
  13.8000        139.000       -375775.     
  13.9000        140.000       -375780.     
  14.0000        141.000       -375780.     
  14.1000        142.000       -375780.     
  14.2000        143.000       -375780.     
  14.3000        144.000       -375780.     
  14.4000        145.000       -375780.     
  14.5000        146.000       -375780.     
  14.6000        147.000       -375780.     
  14.7000        148.000       -375781.     
  14.8000        149.000       -375781.     
  14.9000        150.000       -375781.     
  15.0000        151.000       -375781.     
  15.1000        152.000       -375773.     
  15.2000        153.000       -375775.     
  15.3000        154.000       -375775.     
  15.4000        155.000       -375775.     
  15.5000        156.000       -375782.     
  15.6000        157.000       -376066.     
  15.7000        158.000       -376194.     
  15.8000        159.000       -376317.     
  15.9000        160.000       -376689.     
  16.0000        161.000       -376834.     
  16.1000        162.000       -376708.     
  16.2000        163.000       -376762.     
  16.3000        164.000       -376837.     
  16.4000        165.000       -376928.     
  16.5000        166.000       -378283.     
  16.6000        167.000       -377145.     
  16.7000        168.000       -378561.     
  16.8000        169.000       -377427.     
  16.9000        170.000       -379332.     
  17.0000        171.000       -377639.     
  17.1000        172.000       -379742.     
  17.2000        173.000       -377848.     
  17.3000        174.000       -377848.     
  17.4000        175.000       -380781.     
  17.5000        176.000       -378054.     
  17.6000        177.000       -381540.     
  17.7000        178.000       -381632.     
  17.8000        179.000       -380890.     
  17.9000        180.000       -378528.     
  18.0000        181.000       -383381.     
  18.1000        182.000       -384015.     
  18.2000        183.000       -384399.     
  18.3000        184.000       -385097.     
  18.4000        185.000       -393478.     
  18.5000        186.000       -394194.     
  18.6000        187.000       -384274.     
  18.7000        188.000       -394988.     
  18.8000        189.000       -386816.     
  18.9000        190.000       -385767.     
  19.0000        191.000       -386357.     
  19.1000        192.000       -386707.     
  19.2000        193.000       -398367.     
  19.3000        194.000       -387261.     
  19.4000        195.000       -400040.     
  19.5000        196.000       -400773.     
  19.6000        197.000       -401601.     
  19.7000        198.000       -402824.     
  19.8000        199.000       -403724.     
  19.9000        200.000       -405123.     
  20.0000        201.000       -380409.     
  20.1000        202.000       -407734.     
  20.2000        203.000       -407966.     
  20.3000        204.000       -408221.     
  20.4000        205.000       -408243.     
  20.5000        206.000       -408243.     
  20.6000        207.000       -408519.     
  20.7000        208.000       -408519.     
  20.8000        209.000       -408584.     
  20.9000        210.000       -408792.     
  21.0000        211.000       -408792.     
  21.1000        212.000       -408734.     
  21.2000        213.000       -408731.     
  21.3000        214.000       -408731.     
  21.4000        215.000       -409264.     
  21.5000        216.000       -409337.     
  21.6000        217.000       -409337.     
  21.7000        218.000       -409605.     
  21.8000        219.000       -409605.     
  21.9000        220.000       -409617.     
  22.0000        221.000       -409871.     
  22.1000        222.000       -409871.     
  22.2000        223.000       -409967.     
  22.3000        224.000       -410135.     
  22.4000        225.000       -410302.     
  22.5000        226.000       -410314.     
  22.6000        227.000       -410397.     
  22.7000        228.000       -410499.     
  22.8000        229.000       -410657.     
  22.9000        230.000       -410658.     
  23.0000        231.000       -410799.     
  23.1000        232.000       -410917.     
  23.2000        233.000       -410998.     
  23.3000        234.000       -411174.     
  23.4000        235.000       -411174.     
  23.5000        236.000       -411336.     
  23.6000        237.000       -411429.     
  23.7000        238.000       -411429.     
  23.8000        239.000       -411671.     
  23.9000        240.000       -411683.     
  24.0000        241.000       -411777.     
  24.1000        242.000       -411936.     
  24.2000        243.000       -412004.     
  24.3000        244.000       -412173.     
  24.4000        245.000       -412186.     
  24.5000        246.000       -412333.     
  24.6000        247.000       -412435.     
  24.7000        248.000       -412435.     
  24.8000        249.000       -412660.     
  24.9000        250.000       -412683.     
  25.0000        251.000       -412683.     
  25.1000        252.000       -412929.     
  25.2000        253.000       -412984.     
  25.3000        254.000       -412985.     
  25.4000        255.000       -413173.     
  25.5000        256.000       -413204.     
  25.6000        257.000       -413306.     
  25.7000        258.000       -413416.     
  25.8000        259.000       -413626.     
  25.9000        260.000       -413657.     
  26.0000        261.000       -413657.     
  26.1000        262.000       -413897.     
  26.2000        263.000       -413897.     
  26.3000        264.000       -413943.     
  26.4000        265.000       -414136.     
  26.5000        266.000       -414168.     
  26.6000        267.000       -414257.     
  26.7000        268.000       -414373.     
  26.8000        269.000       -414569.     
  26.9000        270.000       -414584.     
  27.0000        271.000       -414609.     
  27.1000        272.000       -414843.     
  27.2000        273.000       -414879.     
  27.3000        274.000       -414879.     
  27.4000        275.000       -415076.     
  27.5000        276.000       -415187.     
  27.6000        277.000       -415392.     
  27.7000        278.000       -415812.     
  27.8000        279.000       -416422.     
  27.9000        280.000       -416882.     
  28.0000        281.000       -417205.     
  28.1000        282.000       -417915.     
  28.2000        283.000       -418339.     
  28.3000        284.000       -418499.     
  28.4000        285.000       -418499.     
  28.5000        286.000       -418499.     
  28.6000        287.000       -418499.     
  28.7000        288.000       -418464.     
  28.8000        289.000       -418464.     
  28.9000        290.000       -418451.     
  29.0000        291.000       -418451.     
  29.1000        292.000       -418451.     
  29.2000        293.000       -418444.     
  29.3000        294.000       -418444.     
  29.4000        295.000       -418425.     
  29.5000        296.000       -418425.     
  29.6000        297.000       -418425.     
  29.7000        298.000       -418425.     
  29.8000        299.000       -418425.     
  29.9000        300.000       -418425.     
  30.0000        301.000       -418425.     
  30.1000        302.000       -418425.     
  30.2000        303.000       -418425.     
  30.3000        304.000       -418669.     
  30.4000        305.000       -419099.     
  30.5000        306.000       -419651.     
  30.6000        307.000       -420263.     
  30.7000        308.000       -420744.     
  30.8000        309.000       -421267.     
  30.9000        310.000       -422018.     
  31.0000        311.000       -422498.     
  31.1000        312.000       -423143.     
  31.2000        313.000       -423776.     
  31.3000        314.000       -424427.     
  31.4000        315.000       -425103.     
  31.5000        316.000       -425786.     
  31.6000        317.000       -426478.     
  31.7000        318.000       -427240.     
  31.8000        319.000       -427882.     
  31.9000        320.000       -428897.     
  32.0000        321.000       -429554.     
  32.1000        322.000       -430422.     
  32.2000        323.000       -431351.     
  32.3000        324.000       -432278.     
  32.4000        325.000       -433271.     
  32.5000        326.000       -434202.     
  32.6000        327.000       -435281.     
  32.7000        328.000       -436316.     
  32.8000        329.000       -437334.     
  32.9000        330.000       -438264.     
  33.0000        331.000       -438264.     
  33.1000        332.000       -438264.     
  33.2000        333.000       -438264.     
  33.3000        334.000       -438264.     
  33.4000        335.000       -438264.     
  33.5000        336.000       -438263.     
  33.6000        337.000       -438260.     
  33.7000        338.000       -438260.     
  33.8000        339.000       -438260.     
  33.9000        340.000       -438260.     
  34.0000        341.000       -438258.     
  34.1000        342.000       -438258.     
  34.2000        343.000       -438258.     
  34.3000        344.000       -438256.     
  34.4000        345.000       -438256.     
  34.5000        346.000       -438256.     
  34.6000        347.000       -438256.     
  34.7000        348.000       -438254.     
  34.8000        349.000       -438254.     
  34.9000        350.000       -438253.     
  35.0000        351.000       -438253.     
  35.1000        352.000       -438253.     
  35.2000        353.000       -438251.     
  35.3000        354.000       -438251.     
  35.4000        355.000       -438251.     
  35.5000        356.000       -438251.     
  35.6000        357.000       -438247.     
  35.7000        358.000       -438247.     
  35.8000        359.000       -438247.     
  35.9000        360.000       -438247.     
  36.0000        361.000       -438247.     
  36.1000        362.000       -438247.     
  36.2000        363.000       -438247.     
  36.3000        364.000       -438246.     
  36.4000        365.000       -438244.     
  36.5000        366.000       -438243.     
  36.6000        367.000       -438243.     
  36.7000        368.000       -438243.     
  36.8000        369.000       -438241.     
  36.9000        370.000       -438241.     
  37.0000        371.000       -438241.     
  37.1000        372.000       -438240.     
  37.2000        373.000       -438239.     
  37.3000        374.000       -438239.     
  37.4000        375.000       -438239.     
  37.5000        376.000       -438239.     
  37.6000        377.000       -438237.     
  37.7000        378.000       -438236.     
  37.8000        379.000       -438236.     
  37.9000        380.000       -438236.     
  38.0000        381.000       -438234.     
  38.1000        382.000       -438234.     
  38.2000        383.000       -438234.     
  38.3000        384.000       -438233.     
  38.4000        385.000       -438231.     
  38.5000        386.000       -438230.     
  38.6000        387.000       -438230.     
  38.7000        388.000       -438230.     
  38.8000        389.000       -438230.     
  38.9000        390.000       -438230.     
  39.0000        391.000       -438230.     
  39.1000        392.000       -438229.     
  39.2000        393.000       -438226.     
  39.3000        394.000       -438226.     
  39.4000        395.000       -438226.     
  39.5000        396.000       -438226.     
  39.6000        397.000       -438224.     
  39.7000        398.000       -438224.     
  39.8000        399.000       -438224.     
  39.9000        400.000       -438224.     
  40.0000        401.000       -438222.     
  40.1000        402.000       -438222.     
  40.2000        403.000       -438222.     
  40.3000        404.000       -438221.     
  40.4000        405.000       -438219.     
  40.5000        406.000       -438219.     
  40.6000        407.000       -438219.     
  40.7000        408.000       -438219.     
  40.8000        409.000       -438217.     
  40.9000        410.000       -438217.     
  41.0000        411.000       -438217.     
  41.1000        412.000       -438217.     
  41.2000        413.000       -438213.     
  41.3000        414.000       -438213.     
  41.4000        415.000       -438213.     
  41.5000        416.000       -438213.     
  41.6000        417.000       -438213.     
  41.7000        418.000       -438213.     
  41.8000        419.000       -438213.     
  41.9000        420.000       -438212.     
  42.0000        421.000       -438209.     
  42.1000        422.000       -438209.     
  42.2000        423.000       -438209.     
  42.3000        424.000       -438207.     
  42.4000        425.000       -438207.     
  42.5000        426.000       -438207.     
  42.6000        427.000       -438207.     
  42.7000        428.000       -438205.     
  42.8000        429.000       -438205.     
  42.9000        430.000       -438205.     
  43.0000        431.000       -438205.     
  43.1000        432.000       -438204.     
  43.2000        433.000       -438202.     
  43.3000        434.000       -438202.     
  43.4000        435.000       -438202.     
  43.5000        436.000       -438201.     
  43.6000        437.000       -438200.     
  43.7000        438.000       -438200.     
  43.8000        439.000       -438200.     
  43.9000        440.000       -438198.     
  44.0000        441.000       -438196.     
  44.1000        442.000       -438196.     
  44.2000        443.000       -438196.     
  44.3000        444.000       -438196.     
  44.4000        445.000       -438196.     
  44.5000        446.000       -438196.     
  44.6000        447.000       -438196.     
  44.7000        448.000       -438192.     
  44.8000        449.000       -438192.     
  44.9000        450.000       -438192.     
  45.0000        451.000       -438192.     
  45.1000        452.000       -438190.     
  45.2000        453.000       -438190.     
  45.3000        454.000       -438190.     
  45.4000        455.000       -438190.     
  45.5000        456.000       -438188.     
  45.6000        457.000       -438188.     
  45.7000        458.000       -438188.     
  45.8000        459.000       -438186.     
  45.9000        460.000       -438185.     
  46.0000        461.000       -438185.     
  46.1000        462.000       -438185.     
  46.2000        463.000       -438185.     
  46.3000        464.000       -438183.     
  46.4000        465.000       -438183.     
  46.5000        466.000       -438183.     
  46.6000        467.000       -438179.     
  46.7000        468.000       -438179.     
  46.8000        469.000       -438179.     
  46.9000        470.000       -438179.     
  47.0000        471.000       -438179.     
  47.1000        472.000       -438179.     
  47.2000        473.000       -438179.     
  47.3000        474.000       -438178.     
  47.4000        475.000       -438177.     
  47.5000        476.000       -438175.     
  47.6000        477.000       -438175.     
  47.7000        478.000       -438174.     
  47.8000        479.000       -438173.     
  47.9000        480.000       -438173.     
  48.0000        481.000       -438173.     
  48.1000        482.000       -438171.     
  48.2000        483.000       -438171.     
  48.3000        484.000       -438171.     
  48.4000        485.000       -438171.     
  48.5000        486.000       -438171.     
  48.6000        487.000       -438168.     
  48.7000        488.000       -438168.     
  48.8000        489.000       -438168.     
  48.9000        490.000       -438168.     
  49.0000        491.000       -438166.     
  49.1000        492.000       -438166.     
  49.2000        493.000       -438165.     
  49.3000        494.000       -438164.     
  49.4000        495.000       -438162.     
  49.5000        496.000       -438162.     
  49.6000        497.000       -438162.     
  49.7000        498.000       -438162.     
  49.8000        499.000       -438162.     
  49.9000        500.000       -438162.     
  50.0000        501.000       -438162.     
