|6.6.6
inf_a/graphite/build/PT_inf_graphite39_1.tab                                                        
           1
n,alqt. 
   2.1219957929415349E-314
   2.1219957929415349E-314
 -1134556416
           3
n,alqt.        node#          mu[O2],J/mol  
  0.00000        1.00000       -359314.     
 0.100000        2.00000       -359314.     
 0.200000        3.00000       -359314.     
 0.300000        4.00000       -359314.     
 0.400000        5.00000       -359314.     
 0.500000        6.00000       -359314.     
 0.600000        7.00000       -359314.     
 0.700000        8.00000       -359314.     
 0.800000        9.00000       -359314.     
 0.900000        10.0000       -359314.     
  1.00000        11.0000       -359314.     
  1.10000        12.0000       -359314.     
  1.20000        13.0000       -359314.     
  1.30000        14.0000       -359314.     
  1.40000        15.0000       -359314.     
  1.50000        16.0000       -359314.     
  1.60000        17.0000       -359314.     
  1.70000        18.0000       -359314.     
  1.80000        19.0000       -359314.     
  1.90000        20.0000       -359314.     
  2.00000        21.0000       -359314.     
  2.10000        22.0000       -359314.     
  2.20000        23.0000       -359314.     
  2.30000        24.0000       -359314.     
  2.40000        25.0000       -359314.     
  2.50000        26.0000       -359314.     
  2.60000        27.0000       -359314.     
  2.70000        28.0000       -359314.     
  2.80000        29.0000       -359314.     
  2.90000        30.0000       -359313.     
  3.00000        31.0000       -359313.     
  3.10000        32.0000       -359313.     
  3.20000        33.0000       -359313.     
  3.30000        34.0000       -359313.     
  3.40000        35.0000       -359313.     
  3.50000        36.0000       -359313.     
  3.60000        37.0000       -359313.     
  3.70000        38.0000       -359313.     
  3.80000        39.0000       -359313.     
  3.90000        40.0000       -359313.     
  4.00000        41.0000       -359313.     
  4.10000        42.0000       -359313.     
  4.20000        43.0000       -359313.     
  4.30000        44.0000       -359313.     
  4.40000        45.0000       -359313.     
  4.50000        46.0000       -359313.     
  4.60000        47.0000       -359313.     
  4.70000        48.0000       -359313.     
  4.80000        49.0000       -359313.     
  4.90000        50.0000       -359313.     
  5.00000        51.0000       -359313.     
  5.10000        52.0000       -359313.     
  5.20000        53.0000       -359313.     
  5.30000        54.0000       -359313.     
  5.40000        55.0000       -359313.     
  5.50000        56.0000       -359313.     
  5.60000        57.0000       -359408.     
  5.70000        58.0000       -359432.     
  5.80000        59.0000       -359432.     
  5.90000        60.0000       -359556.     
  6.00000        61.0000       -359799.     
  6.10000        62.0000       -359711.     
  6.20000        63.0000       -359799.     
  6.30000        64.0000       -359844.     
  6.40000        65.0000       -360018.     
  6.50000        66.0000       -360080.     
  6.60000        67.0000       -360080.     
  6.70000        68.0000       -360085.     
  6.80000        69.0000       -360288.     
  6.90000        70.0000       -360311.     
  7.00000        71.0000       -360444.     
  7.10000        72.0000       -360444.     
  7.20000        73.0000       -360547.     
  7.30000        74.0000       -360745.     
  7.40000        75.0000       -360803.     
  7.50000        76.0000       -360803.     
  7.60000        77.0000       -361157.     
  7.70000        78.0000       -360803.     
  7.80000        79.0000       -360803.     
  7.90000        80.0000       -361067.     
  8.00000        81.0000       -361157.     
  8.10000        82.0000       -361157.     
  8.20000        83.0000       -361264.     
  8.30000        84.0000       -361726.     
  8.40000        85.0000       -362047.     
  8.50000        86.0000       -362303.     
  8.60000        87.0000       -362615.     
  8.70000        88.0000       -362902.     
  8.80000        89.0000       -362932.     
  8.90000        90.0000       -363495.     
  9.00000        91.0000       -363687.     
  9.10000        92.0000       -364080.     
  9.20000        93.0000       -364383.     
  9.30000        94.0000       -364629.     
  9.40000        95.0000       -365118.     
  9.50000        96.0000       -365230.     
  9.60000        97.0000       -365737.     
  9.70000        98.0000       -365795.     
  9.80000        99.0000       -365929.     
  9.90000        100.000       -366353.     
  10.0000        101.000       -366590.     
  10.1000        102.000       -366897.     
  10.2000        103.000       -367316.     
  10.3000        104.000       -367471.     
  10.4000        105.000       -367839.     
  10.5000        106.000       -368039.     
  10.6000        107.000       -368503.     
  10.7000        108.000       -368601.     
  10.8000        109.000       -368892.     
  10.9000        110.000       -369157.     
  11.0000        111.000       -369555.     
  11.1000        112.000       -369706.     
  11.2000        113.000       -369989.     
  11.3000        114.000       -370276.     
  11.4000        115.000       -370759.     
  11.5000        116.000       -370840.     
  11.6000        117.000       -368717.     
  11.7000        118.000       -371398.     
  11.8000        119.000       -371701.     
  11.9000        120.000       -371701.     
  12.0000        121.000       -371701.     
  12.1000        122.000       -371701.     
  12.2000        123.000       -371701.     
  12.3000        124.000       -371698.     
  12.4000        125.000       -371698.     
  12.5000        126.000       -371698.     
  12.6000        127.000       -371698.     
  12.7000        128.000       -371698.     
  12.8000        129.000       -371698.     
  12.9000        130.000       -371698.     
  13.0000        131.000       -371706.     
  13.1000        132.000       -371706.     
  13.2000        133.000       -371706.     
  13.3000        134.000       -371706.     
  13.4000        135.000       -371706.     
  13.5000        136.000       -371706.     
  13.6000        137.000       -371706.     
  13.7000        138.000       -371706.     
  13.8000        139.000       -371706.     
  13.9000        140.000       -371706.     
  14.0000        141.000       -371706.     
  14.1000        142.000       -371706.     
  14.2000        143.000       -371706.     
  14.3000        144.000       -371706.     
  14.4000        145.000       -371706.     
  14.5000        146.000       -371706.     
  14.6000        147.000       -371706.     
  14.7000        148.000       -371706.     
  14.8000        149.000       -371706.     
  14.9000        150.000       -371706.     
  15.0000        151.000       -371706.     
  15.1000        152.000       -371706.     
  15.2000        153.000       -371706.     
  15.3000        154.000       -371706.     
  15.4000        155.000       -371706.     
  15.5000        156.000       -371706.     
  15.6000        157.000       -371706.     
  15.7000        158.000       -371706.     
  15.8000        159.000       -371706.     
  15.9000        160.000       -371706.     
  16.0000        161.000       -371706.     
  16.1000        162.000       -371706.     
  16.2000        163.000       -371706.     
  16.3000        164.000       -371706.     
  16.4000        165.000       -371706.     
  16.5000        166.000       -371706.     
  16.6000        167.000       -371706.     
  16.7000        168.000       -371706.     
  16.8000        169.000       -371706.     
  16.9000        170.000       -371706.     
  17.0000        171.000       -371706.     
  17.1000        172.000       -371706.     
  17.2000        173.000       -371706.     
  17.3000        174.000       -371706.     
  17.4000        175.000       -371706.     
  17.5000        176.000       -371706.     
  17.6000        177.000       -371706.     
  17.7000        178.000       -371706.     
  17.8000        179.000       -371836.     
  17.9000        180.000       -371929.     
  18.0000        181.000       -371963.     
  18.1000        182.000       -371683.     
  18.2000        183.000       -371960.     
  18.3000        184.000       -371818.     
  18.4000        185.000       -373214.     
  18.5000        186.000       -371661.     
  18.6000        187.000       -371664.     
  18.7000        188.000       -373821.     
  18.8000        189.000       -374184.     
  18.9000        190.000       -371643.     
  19.0000        191.000       -374420.     
  19.1000        192.000       -371628.     
  19.2000        193.000       -374903.     
  19.3000        194.000       -371626.     
  19.4000        195.000       -375285.     
  19.5000        196.000       -371614.     
  19.6000        197.000       -374794.     
  19.7000        198.000       -371609.     
  19.8000        199.000       -371607.     
  19.9000        200.000       -371597.     
  20.0000        201.000       -371594.     
  20.1000        202.000       -371590.     
  20.2000        203.000       -376248.     
  20.3000        204.000       -371581.     
  20.4000        205.000       -371580.     
  20.5000        206.000       -376184.     
  20.6000        207.000       -371568.     
  20.7000        208.000       -371595.     
  20.8000        209.000       -371677.     
  20.9000        210.000       -371677.     
  21.0000        211.000       -377224.     
  21.1000        212.000       -379196.     
  21.2000        213.000       -380059.     
  21.3000        214.000       -372150.     
  21.4000        215.000       -379897.     
  21.5000        216.000       -381434.     
  21.6000        217.000       -379706.     
  21.7000        218.000       -389475.     
  21.8000        219.000       -372470.     
  21.9000        220.000       -381864.     
  22.0000        221.000       -379830.     
  22.1000        222.000       -391058.     
  22.2000        223.000       -391434.     
  22.3000        224.000       -389408.     
  22.4000        225.000       -389695.     
  22.5000        226.000       -392702.     
  22.6000        227.000       -393056.     
  22.7000        228.000       -383384.     
  22.8000        229.000       -393986.     
  22.9000        230.000       -394624.     
  23.0000        231.000       -395131.     
  23.1000        232.000       -395620.     
  23.2000        233.000       -385561.     
  23.3000        234.000       -396797.     
  23.4000        235.000       -397310.     
  23.5000        236.000       -398350.     
  23.6000        237.000       -398889.     
  23.7000        238.000       -399673.     
  23.8000        239.000       -400433.     
  23.9000        240.000       -401292.     
  24.0000        241.000       -402190.     
  24.1000        242.000       -403426.     
  24.2000        243.000       -404312.     
  24.3000        244.000       -405742.     
  24.4000        245.000       -407028.     
  24.5000        246.000       -408324.     
  24.6000        247.000       -410314.     
  24.7000        248.000       -411796.     
  24.8000        249.000       -413429.     
  24.9000        250.000       -415183.     
  25.0000        251.000       -415183.     
  25.1000        252.000       -415316.     
  25.2000        253.000       -407253.     
  25.3000        254.000       -407332.     
  25.4000        255.000       -407332.     
  25.5000        256.000       -407457.     
  25.6000        257.000       -407404.     
  25.7000        258.000       -407404.     
  25.8000        259.000       -407442.     
  25.9000        260.000       -407585.     
  26.0000        261.000       -408614.     
  26.1000        262.000       -409674.     
  26.2000        263.000       -410769.     
  26.3000        264.000       -411643.     
  26.4000        265.000       -412744.     
  26.5000        266.000       -413541.     
  26.6000        267.000       -414255.     
  26.7000        268.000       -415029.     
  26.8000        269.000       -415628.     
  26.9000        270.000       -416323.     
  27.0000        271.000       -416524.     
  27.1000        272.000       -416707.     
  27.2000        273.000       -416787.     
  27.3000        274.000       -416787.     
  27.4000        275.000       -416788.     
  27.5000        276.000       -417048.     
  27.6000        277.000       -417048.     
  27.7000        278.000       -417057.     
  27.8000        279.000       -417283.     
  27.9000        280.000       -417307.     
  28.0000        281.000       -417307.     
  28.1000        282.000       -417403.     
  28.2000        283.000       -417564.     
  28.3000        284.000       -417564.     
  28.4000        285.000       -417746.     
  28.5000        286.000       -417772.     
  28.6000        287.000       -417820.     
  28.7000        288.000       -417820.     
  28.8000        289.000       -418074.     
  28.9000        290.000       -418074.     
  29.0000        291.000       -418087.     
  29.1000        292.000       -418253.     
  29.2000        293.000       -418326.     
  29.3000        294.000       -418424.     
  29.4000        295.000       -418424.     
  29.5000        296.000       -418577.     
  29.6000        297.000       -418577.     
  29.7000        298.000       -418759.     
  29.8000        299.000       -418759.     
  29.9000        300.000       -418826.     
  30.0000        301.000       -418952.     
  30.1000        302.000       -419074.     
  30.2000        303.000       -419091.     
  30.3000        304.000       -419091.     
  30.4000        305.000       -419320.     
  30.5000        306.000       -419320.     
  30.6000        307.000       -419420.     
  30.7000        308.000       -419420.     
  30.8000        309.000       -419564.     
  30.9000        310.000       -419672.     
  31.0000        311.000       -419689.     
  31.1000        312.000       -419689.     
  31.2000        313.000       -419689.     
  31.3000        314.000       -419689.     
  31.4000        315.000       -419689.     
  31.5000        316.000       -419689.     
  31.6000        317.000       -419689.     
  31.7000        318.000       -419689.     
  31.8000        319.000       -419689.     
  31.9000        320.000       -419677.     
  32.0000        321.000       -419677.     
  32.1000        322.000       -419677.     
  32.2000        323.000       -419677.     
  32.3000        324.000       -419677.     
  32.4000        325.000       -419677.     
  32.5000        326.000       -419677.     
  32.6000        327.000       -419677.     
  32.7000        328.000       -419677.     
  32.8000        329.000       -419677.     
  32.9000        330.000       -419701.     
  33.0000        331.000       -419747.     
  33.1000        332.000       -419807.     
  33.2000        333.000       -419807.     
  33.3000        334.000       -420049.     
  33.4000        335.000       -420049.     
  33.5000        336.000       -420071.     
  33.6000        337.000       -420135.     
  33.7000        338.000       -420289.     
  33.8000        339.000       -420289.     
  33.9000        340.000       -420392.     
  34.0000        341.000       -420527.     
  34.1000        342.000       -420527.     
  34.2000        343.000       -420594.     
  34.3000        344.000       -420711.     
  34.4000        345.000       -420764.     
  34.5000        346.000       -420764.     
  34.6000        347.000       -421207.     
  34.7000        348.000       -421326.     
  34.8000        349.000       -421525.     
  34.9000        350.000       -421789.     
  35.0000        351.000       -422200.     
  35.1000        352.000       -422502.     
  35.2000        353.000       -422668.     
  35.3000        354.000       -422992.     
  35.4000        355.000       -423230.     
  35.5000        356.000       -423600.     
  35.6000        357.000       -423834.     
  35.7000        358.000       -424109.     
  35.8000        359.000       -424550.     
  35.9000        360.000       -424798.     
  36.0000        361.000       -425030.     
  36.1000        362.000       -425470.     
  36.2000        363.000       -425737.     
  36.3000        364.000       -426094.     
  36.4000        365.000       -426499.     
  36.5000        366.000       -426747.     
  36.6000        367.000       -427207.     
  36.7000        368.000       -427495.     
  36.8000        369.000       -427768.     
  36.9000        370.000       -428396.     
  37.0000        371.000       -428625.     
  37.1000        372.000       -428899.     
  37.2000        373.000       -429149.     
  37.3000        374.000       -429738.     
  37.4000        375.000       -430151.     
  37.5000        376.000       -430512.     
  37.6000        377.000       -430889.     
  37.7000        378.000       -431177.     
  37.8000        379.000       -431784.     
  37.9000        380.000       -432162.     
  38.0000        381.000       -432508.     
  38.1000        382.000       -433063.     
  38.2000        383.000       -433456.     
  38.3000        384.000       -433862.     
  38.4000        385.000       -434407.     
  38.5000        386.000       -434750.     
  38.6000        387.000       -434891.     
  38.7000        388.000       -434889.     
  38.8000        389.000       -434889.     
  38.9000        390.000       -434889.     
  39.0000        391.000       -434889.     
  39.1000        392.000       -434888.     
  39.2000        393.000       -434888.     
  39.3000        394.000       -434887.     
  39.4000        395.000       -434887.     
  39.5000        396.000       -434887.     
  39.6000        397.000       -434887.     
  39.7000        398.000       -434886.     
  39.8000        399.000       -434884.     
  39.9000        400.000       -434883.     
  40.0000        401.000       -434883.     
  40.1000        402.000       -434883.     
  40.2000        403.000       -434883.     
  40.3000        404.000       -434883.     
  40.4000        405.000       -434883.     
  40.5000        406.000       -434883.     
  40.6000        407.000       -434883.     
  40.7000        408.000       -434883.     
  40.8000        409.000       -434881.     
  40.9000        410.000       -434880.     
  41.0000        411.000       -434878.     
  41.1000        412.000       -434878.     
  41.2000        413.000       -434878.     
  41.3000        414.000       -434878.     
  41.4000        415.000       -434878.     
  41.5000        416.000       -434877.     
  41.6000        417.000       -434877.     
  41.7000        418.000       -434877.     
  41.8000        419.000       -434877.     
  41.9000        420.000       -434877.     
  42.0000        421.000       -434876.     
  42.1000        422.000       -434874.     
  42.2000        423.000       -434874.     
  42.3000        424.000       -434874.     
  42.4000        425.000       -434874.     
  42.5000        426.000       -434874.     
  42.6000        427.000       -434871.     
  42.7000        428.000       -434871.     
  42.8000        429.000       -434871.     
  42.9000        430.000       -434871.     
  43.0000        431.000       -434871.     
  43.1000        432.000       -434871.     
  43.2000        433.000       -434870.     
  43.3000        434.000       -434870.     
  43.4000        435.000       -434870.     
  43.5000        436.000       -434870.     
  43.6000        437.000       -434870.     
  43.7000        438.000       -434870.     
  43.8000        439.000       -434866.     
  43.9000        440.000       -434866.     
  44.0000        441.000       -434866.     
  44.1000        442.000       -434866.     
  44.2000        443.000       -434866.     
  44.3000        444.000       -434865.     
  44.4000        445.000       -434865.     
  44.5000        446.000       -434865.     
  44.6000        447.000       -434865.     
  44.7000        448.000       -434865.     
  44.8000        449.000       -434863.     
  44.9000        450.000       -434862.     
  45.0000        451.000       -434862.     
  45.1000        452.000       -434861.     
  45.2000        453.000       -434861.     
  45.3000        454.000       -434861.     
  45.4000        455.000       -434861.     
  45.5000        456.000       -434860.     
  45.6000        457.000       -434860.     
  45.7000        458.000       -434860.     
  45.8000        459.000       -434860.     
  45.9000        460.000       -434860.     
  46.0000        461.000       -434859.     
  46.1000        462.000       -434857.     
  46.2000        463.000       -434857.     
  46.3000        464.000       -434857.     
  46.4000        465.000       -434857.     
  46.5000        466.000       -434857.     
  46.6000        467.000       -434855.     
  46.7000        468.000       -434855.     
  46.8000        469.000       -434854.     
  46.9000        470.000       -434854.     
  47.0000        471.000       -434854.     
  47.1000        472.000       -434854.     
  47.2000        473.000       -434854.     
  47.3000        474.000       -434852.     
  47.4000        475.000       -434852.     
  47.5000        476.000       -434852.     
  47.6000        477.000       -434852.     
  47.7000        478.000       -434852.     
  47.8000        479.000       -434849.     
  47.9000        480.000       -434848.     
  48.0000        481.000       -434848.     
  48.1000        482.000       -434848.     
  48.2000        483.000       -434848.     
  48.3000        484.000       -434848.     
  48.4000        485.000       -434848.     
  48.5000        486.000       -434848.     
  48.6000        487.000       -434848.     
  48.7000        488.000       -434848.     
  48.8000        489.000       -434848.     
  48.9000        490.000       -434846.     
  49.0000        491.000       -434846.     
  49.1000        492.000       -434844.     
  49.2000        493.000       -434844.     
  49.3000        494.000       -434844.     
  49.4000        495.000       -434844.     
  49.5000        496.000       -434842.     
  49.6000        497.000       -434842.     
  49.7000        498.000       -434842.     
  49.8000        499.000       -434842.     
  49.9000        500.000       -434842.     
  50.0000        501.000       -434841.     
